SCORES_TXT_BEGIN_0 0 4 9 BLEU
6 9 4 8 2 7 1 6 12 
6 9 4 8 2 7 1 6 12 
6 10 3 9 2 8 1 7 12 
6 9 4 8 2 7 1 6 12 
SCORES_TXT_END_0
SCORES_TXT_BEGIN_0 1 100 9 BLEU
33 36 31 35 29 34 27 33 38 
33 36 29 35 26 34 23 33 38 
33 36 29 35 26 34 23 33 38 
32 36 27 35 23 34 19 33 38 
33 36 29 35 26 34 23 33 38 
33 36 27 35 23 34 19 33 38 
33 36 27 35 23 34 19 33 38 
32 36 25 35 20 34 15 33 38 
34 36 31 35 29 34 27 33 38 
34 36 29 35 26 34 23 33 38 
34 36 29 35 26 34 23 33 38 
33 36 27 35 23 34 19 33 38 
33 36 29 35 26 34 23 33 38 
33 36 27 35 23 34 19 33 38 
33 36 31 35 29 34 27 33 38 
33 36 28 35 24 34 21 33 38 
33 36 29 35 26 34 23 33 38 
33 36 29 35 26 34 23 33 38 
33 36 26 35 21 34 17 33 38 
32 36 27 35 23 34 19 33 38 
33 36 30 35 28 34 26 33 38 
33 36 28 35 25 34 22 33 38 
33 36 28 35 25 34 22 33 38 
32 36 26 35 22 34 18 33 38 
34 36 29 35 26 34 23 33 38 
34 36 27 35 23 34 19 33 38 
33 36 31 35 29 34 27 33 38 
33 36 29 35 26 34 23 33 38 
34 36 27 35 23 34 19 33 38 
33 36 25 35 20 34 15 33 38 
33 36 29 35 26 34 23 33 38 
33 36 27 35 23 34 19 33 38 
32 36 27 35 23 34 19 33 38 
33 36 25 35 20 34 15 33 38 
33 36 29 35 25 34 22 33 38 
33 36 29 35 26 34 23 33 38 
33 36 26 35 21 34 17 33 38 
33 36 27 35 23 34 19 33 38 
33 36 30 35 28 34 26 33 38 
33 36 28 35 25 34 22 33 38 
32 36 27 35 22 34 18 33 38 
33 36 27 35 23 34 19 33 38 
33 36 24 35 18 34 13 33 38 
33 36 29 35 26 34 23 33 38 
32 36 25 35 20 34 15 33 38 
33 36 29 35 26 34 23 33 38 
33 36 27 35 24 34 21 33 38 
33 36 28 35 25 34 22 33 38 
33 36 27 35 23 34 19 33 38 
32 36 26 35 22 34 18 33 38 
33 36 28 35 25 34 22 33 38 
33 36 26 35 22 34 18 33 38 
33 36 27 35 23 34 19 33 38 
32 36 25 35 21 34 17 33 38 
33 36 29 35 26 34 23 33 38 
33 36 26 35 22 34 18 33 38 
32 36 24 35 19 34 14 33 38 
33 36 28 35 25 34 22 33 38 
32 36 26 35 22 34 18 33 38 
33 36 27 35 23 34 19 33 38 
33 36 29 35 26 34 23 33 38 
33 36 28 35 25 34 22 33 38 
32 36 29 35 26 34 23 33 38 
32 36 29 35 26 34 24 33 38 
32 36 27 35 23 34 19 33 38 
32 36 27 35 23 34 20 33 38 
33 36 27 35 23 34 19 33 38 
32 36 26 35 22 34 18 33 38 
32 36 27 35 23 34 19 33 38 
32 36 27 35 24 34 22 33 38 
31 36 25 35 20 34 15 33 38 
34 36 28 35 24 34 21 33 38 
31 36 25 35 21 34 18 33 38 
33 36 28 35 24 34 21 33 38 
33 36 26 35 21 34 17 33 38 
34 36 26 35 21 34 17 33 38 
33 37 31 36 29 35 27 34 38 
33 37 29 36 26 35 23 34 38 
32 36 29 35 26 34 23 33 38 
34 36 33 35 32 34 31 33 38 
33 36 27 35 22 34 18 33 38 
34 36 31 35 29 34 27 33 38 
34 36 30 35 28 34 26 33 38 
33 36 29 35 26 34 23 33 38 
32 36 28 35 25 34 22 33 38 
34 36 28 35 25 34 22 33 38 
33 37 29 36 26 35 23 34 38 
33 36 27 35 23 34 19 33 38 
32 36 26 35 22 34 18 33 38 
32 37 27 36 23 35 19 34 38 
32 36 27 35 23 34 19 33 38 
34 36 31 35 29 34 27 33 38 
32 36 25 35 19 34 14 33 38 
33 36 29 35 26 34 23 33 38 
33 36 27 35 23 34 19 33 38 
33 36 27 35 23 34 19 33 38 
34 36 28 35 25 34 22 33 38 
33 36 25 35 21 34 17 33 38 
33 36 27 35 23 34 19 33 38 
32 36 26 35 22 34 18 33 38 
SCORES_TXT_END_0
SCORES_TXT_BEGIN_0 2 100 9 BLEU
28 35 25 34 23 33 21 32 33 
28 35 24 34 20 33 17 32 33 
28 35 24 34 22 33 20 32 33 
27 35 22 34 19 33 16 32 33 
28 35 23 34 20 33 17 32 33 
28 35 22 34 17 33 13 32 33 
28 35 22 34 19 33 16 32 33 
27 35 20 34 16 33 12 32 33 
28 35 24 34 20 33 17 32 33 
28 35 22 34 19 33 16 32 33 
28 35 23 34 18 33 15 32 33 
28 35 21 34 17 33 14 32 33 
28 35 25 34 23 33 21 32 33 
28 35 24 34 20 33 17 32 33 
28 35 25 34 23 33 21 32 33 
28 35 24 34 22 33 20 32 33 
28 35 24 34 20 33 17 32 33 
27 35 22 34 19 33 16 32 33 
28 35 24 34 22 33 20 32 33 
28 35 22 34 17 33 13 32 33 
27 35 22 34 19 33 16 32 33 
28 35 20 34 16 33 12 32 33 
28 35 23 34 19 33 16 32 33 
28 35 21 34 15 33 11 32 33 
27 35 21 34 18 33 15 32 33 
28 35 19 34 14 33 10 32 33 
29 35 23 34 20 33 17 32 33 
29 35 26 34 24 33 22 32 33 
29 35 22 34 18 33 15 32 33 
29 35 24 34 21 33 18 32 33 
29 35 22 34 19 33 16 32 33 
28 35 20 34 17 33 14 32 33 
29 35 25 34 20 33 17 32 33 
29 35 25 34 22 33 20 32 33 
28 35 23 34 19 33 16 32 33 
28 35 23 34 20 33 17 32 33 
29 35 23 34 19 33 16 32 33 
28 35 22 34 17 33 13 32 33 
29 35 24 34 19 33 16 32 33 
28 35 23 34 20 33 17 32 33 
28 35 23 34 20 33 19 32 33 
28 35 22 34 19 33 16 32 33 
28 35 22 34 17 33 13 32 33 
28 35 22 34 17 33 15 32 33 
27 35 20 34 16 33 12 32 33 
28 35 22 34 18 33 15 32 33 
28 35 22 34 19 33 16 32 33 
28 35 22 34 20 33 19 32 33 
27 35 20 34 16 33 12 32 33 
27 35 20 34 17 33 15 32 33 
28 35 23 34 21 33 19 32 33 
28 35 21 34 18 33 15 32 33 
28 36 25 35 23 34 21 33 33 
28 36 24 35 20 34 17 33 33 
28 35 25 34 23 33 21 32 33 
28 35 21 34 16 33 12 32 33 
28 35 24 34 20 33 17 32 33 
28 35 23 34 20 33 17 32 33 
28 36 24 35 22 34 20 33 33 
28 35 22 34 17 33 13 32 33 
27 36 22 35 19 34 16 33 33 
28 35 24 34 22 33 20 32 33 
27 35 19 34 15 33 11 32 33 
27 35 22 34 19 33 16 32 33 
29 35 21 34 17 33 13 32 33 
29 35 24 34 21 33 18 32 33 
29 35 20 34 15 33 11 32 33 
28 35 22 34 19 33 16 32 33 
29 35 22 34 18 33 14 32 33 
27 35 20 34 16 33 12 32 33 
28 34 24 33 20 32 17 31 33 
28 35 25 34 23 33 21 32 33 
28 35 24 34 20 33 17 32 33 
29 35 20 34 16 33 12 32 33 
28 35 18 34 14 33 10 32 33 
28 35 22 34 18 33 15 32 33 
28 35 23 34 20 33 17 32 33 
29 35 23 34 17 33 13 32 33 
28 34 22 33 19 32 16 31 33 
28 35 24 34 22 33 20 32 33 
28 35 22 34 18 33 15 32 33 
27 35 22 34 19 33 16 32 33 
29 35 23 34 19 33 16 32 33 
28 35 24 34 20 33 17 32 33 
28 34 22 33 18 32 15 31 33 
28 35 21 34 17 33 14 32 33 
28 35 21 34 16 33 12 32 33 
28 35 22 34 19 33 16 32 33 
29 35 21 34 16 33 12 32 33 
28 35 24 34 22 33 20 32 33 
27 35 20 34 17 33 14 32 33 
29 35 22 34 16 33 12 32 33 
28 35 23 34 19 33 16 32 33 
28 35 24 34 20 33 17 32 33 
28 35 22 34 19 33 16 32 33 
27 34 20 33 17 32 14 31 33 
28 35 21 34 17 33 15 32 33 
28 35 20 34 14 33 11 32 33 
28 35 23 34 21 33 19 32 33 
28 35 20 34 15 33 11 32 33 
SCORES_TXT_END_0
SCORES_TXT_BEGIN_0 3 100 9 BLEU
33 36 31 35 29 34 27 33 38 
33 36 29 35 26 34 23 33 38 
33 36 29 35 26 34 23 33 38 
32 36 27 35 23 34 19 33 38 
33 36 30 35 28 34 26 33 38 
33 36 28 35 25 34 22 33 38 
33 36 28 35 25 34 22 33 38 
32 36 26 35 22 34 18 33 38 
33 36 29 35 26 34 23 33 38 
33 36 27 35 23 34 19 33 38 
33 36 27 35 23 34 19 33 38 
32 36 25 35 20 34 15 33 38 
33 36 28 35 25 34 22 33 38 
33 36 26 35 22 34 18 33 38 
33 36 26 35 22 34 18 33 38 
32 36 24 35 19 34 14 33 38 
34 36 31 35 29 34 27 33 38 
34 36 29 35 26 34 23 33 38 
34 36 29 35 26 34 23 33 38 
33 36 27 35 23 34 19 33 38 
33 36 29 35 26 34 23 33 38 
34 36 30 35 28 34 26 33 38 
34 36 28 35 25 34 22 33 38 
33 36 27 35 23 34 19 33 38 
34 36 28 35 25 34 22 33 38 
33 36 26 35 22 34 18 33 38 
33 36 28 35 25 34 22 33 38 
33 36 31 35 29 34 27 33 38 
33 36 28 35 24 34 21 33 38 
33 36 29 35 26 34 23 33 38 
33 36 26 35 22 34 18 33 38 
33 36 29 35 26 34 23 33 38 
34 36 33 35 32 34 31 33 38 
33 36 26 35 21 34 17 33 38 
32 36 27 35 23 34 19 33 38 
34 36 31 35 29 34 27 33 38 
33 36 30 35 28 34 26 33 38 
33 36 27 35 23 34 20 33 38 
33 36 28 35 25 34 22 33 38 
34 36 31 35 29 34 27 33 38 
33 36 29 35 26 34 23 33 38 
33 36 28 35 25 34 22 33 38 
34 36 32 35 31 34 30 33 38 
33 36 25 35 20 34 16 33 38 
32 36 26 35 22 34 18 33 38 
34 36 30 35 28 34 26 33 38 
34 36 30 35 28 34 26 33 38 
33 36 28 35 25 34 22 33 38 
34 36 29 35 26 34 23 33 38 
34 36 27 35 23 34 19 33 38 
33 36 31 35 29 34 27 33 38 
33 36 29 35 26 34 23 33 38 
34 36 27 35 23 34 19 33 38 
33 36 25 35 20 34 15 33 38 
33 36 29 35 26 34 23 33 38 
33 36 27 35 23 34 19 33 38 
34 36 28 35 25 34 22 33 38 
32 36 27 35 23 34 19 33 38 
34 36 26 35 22 34 18 33 38 
33 36 30 35 28 34 26 33 38 
33 36 28 35 25 34 22 33 38 
33 36 25 35 20 34 15 33 38 
34 36 26 35 22 34 18 33 38 
33 36 24 35 19 34 14 33 38 
33 36 28 35 25 34 22 33 38 
33 36 26 35 22 34 18 33 38 
32 36 26 35 22 34 18 33 38 
33 36 29 35 25 34 22 33 38 
33 36 29 35 26 34 23 33 38 
33 36 26 35 21 34 17 33 38 
33 36 27 35 23 34 19 33 38 
33 36 30 35 28 34 26 33 38 
33 36 28 35 25 34 22 33 38 
33 36 24 35 19 34 14 33 38 
32 36 27 35 22 34 18 33 38 
33 36 27 35 23 34 19 33 38 
33 36 31 35 29 34 27 33 38 
33 36 24 35 18 34 13 33 38 
33 36 29 35 26 34 23 33 38 
32 36 25 35 20 34 15 33 38 
33 36 29 35 26 34 23 33 38 
33 36 29 35 26 34 23 33 38 
33 36 27 35 24 34 21 33 38 
33 36 28 35 24 34 21 33 38 
33 36 28 35 25 34 22 33 38 
33 36 28 35 25 34 22 33 38 
33 36 27 35 23 34 19 33 38 
33 36 25 35 20 34 16 33 38 
33 36 26 35 22 34 18 33 38 
32 36 26 35 22 34 18 33 38 
33 36 29 35 26 34 23 33 38 
33 36 27 35 23 34 19 33 38 
32 36 27 35 23 34 19 33 38 
32 36 25 35 21 34 17 33 38 
32 36 26 35 21 34 17 33 38 
33 36 26 35 22 34 18 33 38 
33 36 30 35 28 34 26 33 38 
33 36 23 35 17 34 12 33 38 
33 36 28 35 25 34 22 33 38 
32 36 24 35 19 34 14 33 38 
SCORES_TXT_END_0
SCORES_TXT_BEGIN_0 4 100 9 BLEU
33 36 31 35 29 34 27 33 38 
33 36 31 35 29 34 27 33 38 
33 36 30 35 26 34 23 33 38 
33 36 30 35 26 34 23 33 38 
33 36 31 35 29 34 27 33 38 
33 36 31 35 29 34 27 33 38 
33 36 30 35 26 34 23 33 38 
33 36 30 35 26 34 23 33 38 
34 36 32 35 30 34 28 33 38 
34 36 32 35 30 34 28 33 38 
34 36 31 35 27 34 24 33 38 
34 36 31 35 27 34 24 33 38 
33 36 29 35 26 34 23 33 38 
33 36 29 35 26 34 23 33 38 
33 36 29 35 26 34 23 33 38 
33 36 29 35 26 34 23 33 38 
33 36 28 35 23 34 19 33 38 
33 36 28 35 23 34 19 33 38 
33 36 28 35 23 34 19 33 38 
33 36 28 35 23 34 19 33 38 
33 36 29 35 26 34 23 33 38 
33 36 29 35 26 34 23 33 38 
32 36 28 35 23 34 19 33 38 
32 36 28 35 23 34 19 33 38 
34 36 32 35 30 34 28 33 38 
34 36 31 35 27 34 24 33 38 
32 36 29 35 26 34 23 33 38 
33 36 29 35 26 34 23 33 38 
32 36 29 35 26 34 23 33 38 
33 36 29 35 26 34 23 33 38 
32 36 28 35 23 34 19 33 38 
33 36 28 35 23 34 19 33 38 
32 36 28 35 23 34 19 33 38 
33 36 28 35 23 34 19 33 38 
33 36 30 35 27 34 24 33 38 
34 36 30 35 27 34 24 33 38 
33 36 30 35 27 34 24 33 38 
34 36 30 35 27 34 24 33 38 
33 36 29 35 24 34 20 33 38 
34 36 29 35 24 34 20 33 38 
33 36 29 35 24 34 20 33 38 
34 36 29 35 24 34 20 33 38 
33 36 29 35 26 34 23 33 38 
32 36 29 35 26 34 23 33 38 
32 36 27 35 23 34 19 33 38 
33 36 27 35 23 34 19 33 38 
32 36 26 35 20 34 15 33 38 
33 36 26 35 20 34 15 33 38 
33 36 29 35 26 34 23 33 38 
33 36 29 35 26 34 23 33 38 
32 36 28 35 23 34 19 33 38 
32 36 28 35 23 34 19 33 38 
34 36 30 35 27 34 24 33 38 
34 36 30 35 27 34 24 33 38 
33 36 29 35 24 34 20 33 38 
33 36 29 35 24 34 20 33 38 
33 36 28 35 24 34 21 33 38 
33 36 28 35 24 34 21 33 38 
34 36 32 35 30 34 28 33 38 
34 36 31 35 27 34 24 33 38 
35 36 33 35 31 34 29 33 38 
33 36 27 35 23 34 19 33 38 
33 36 27 35 23 34 19 33 38 
35 36 32 35 28 34 25 33 38 
32 36 26 35 20 34 15 33 38 
33 36 30 35 28 34 26 33 38 
32 36 26 35 20 34 15 33 38 
33 36 30 35 28 34 26 33 38 
33 36 29 35 25 34 22 33 38 
33 36 29 35 25 34 22 33 38 
34 36 30 35 27 34 24 33 38 
34 36 30 35 27 34 24 33 38 
34 36 29 35 24 34 20 33 38 
34 36 29 35 24 34 20 33 38 
33 36 29 35 26 34 23 33 38 
32 36 29 35 26 34 23 33 38 
31 36 27 35 23 34 19 33 38 
32 36 27 35 23 34 19 33 38 
31 36 26 35 20 34 15 33 38 
32 36 26 35 20 34 15 33 38 
34 36 30 35 27 34 24 33 38 
33 36 30 35 27 34 24 33 38 
32 36 28 35 24 34 20 33 38 
33 36 28 35 24 34 20 33 38 
32 36 27 35 21 34 16 33 38 
34 36 30 35 27 34 24 33 38 
33 36 27 35 21 34 16 33 38 
33 36 29 35 24 34 20 33 38 
33 36 28 35 23 34 19 33 38 
32 36 28 35 23 34 19 33 38 
33 36 28 35 24 34 21 33 38 
33 36 27 35 23 34 19 33 38 
33 36 28 35 24 34 21 33 38 
33 36 29 35 26 34 24 33 38 
32 36 27 35 23 34 19 33 38 
32 36 29 35 26 34 24 33 38 
33 36 28 35 23 34 20 33 38 
32 36 28 35 23 34 20 33 38 
34 36 29 35 25 34 22 33 38 
34 36 29 35 25 34 22 33 38 
SCORES_TXT_END_0
SCORES_TXT_BEGIN_0 5 100 9 BLEU
28 30 26 29 24 28 22 27 33 
28 30 24 29 21 28 18 27 33 
28 30 25 29 21 28 18 27 33 
27 30 23 29 18 28 14 27 33 
27 30 24 29 21 28 18 27 33 
27 30 22 29 18 28 14 27 33 
27 30 23 29 18 28 14 27 33 
26 30 21 29 15 28 10 27 33 
27 30 24 29 21 28 18 27 33 
28 30 23 29 19 28 16 27 33 
27 30 23 29 18 28 14 27 33 
28 30 22 29 16 28 12 27 33 
27 30 22 29 18 28 14 27 33 
27 30 23 29 20 28 17 27 33 
27 30 21 29 16 28 12 27 33 
27 30 21 29 15 28 10 27 33 
27 30 24 29 21 28 18 27 33 
27 30 22 29 19 28 16 27 33 
26 30 22 29 17 28 13 27 33 
27 30 20 29 13 28 8 27 33 
27 30 24 29 21 28 18 27 33 
27 30 23 29 18 28 14 27 33 
26 30 21 29 16 28 12 27 33 
27 30 24 29 20 28 17 27 33 
27 30 24 29 21 28 19 27 33 
27 30 24 29 18 28 14 27 33 
27 30 22 29 18 28 15 27 33 
26 30 22 29 17 28 13 27 33 
27 30 23 29 19 28 17 27 33 
26 30 21 29 16 28 13 27 33 
27 30 21 29 17 28 13 27 33 
27 30 24 29 21 28 18 27 33 
27 30 22 29 18 28 14 27 33 
26 30 22 29 18 28 14 27 33 
26 30 20 29 16 28 12 27 33 
27 29 24 28 21 27 18 26 33 
26 30 20 29 14 28 9 27 33 
27 30 23 29 18 28 14 27 33 
28 30 23 29 19 28 16 27 33 
27 30 24 29 21 28 18 27 33 
26 30 21 29 15 28 10 27 33 
26 30 22 29 18 28 14 27 33 
27 30 22 29 19 28 16 27 33 
26 30 21 29 15 28 10 27 33 
25 30 19 29 13 28 8 27 33 
27 29 22 28 19 27 16 26 33 
27 29 23 28 18 27 14 26 33 
26 30 22 29 17 28 13 27 33 
28 30 22 29 16 28 12 27 33 
26 30 22 29 18 28 15 27 33 
27 30 23 29 18 28 14 27 33 
26 30 22 29 15 28 10 27 33 
26 30 20 29 15 28 11 27 33 
26 30 21 29 16 28 12 27 33 
26 29 21 28 16 27 12 26 33 
25 30 20 29 14 28 9 27 33 
26 30 21 29 16 28 13 27 33 
25 30 19 29 13 28 9 27 33 
28 31 25 30 23 29 21 28 33 
28 31 23 30 20 29 17 28 33 
26 30 22 29 18 28 15 27 33 
26 29 22 28 18 27 14 26 33 
28 31 24 30 20 29 18 28 33 
27 31 22 30 17 29 14 28 33 
27 30 21 29 16 28 12 27 33 
27 30 25 29 23 28 21 27 33 
27 30 22 29 18 28 14 27 33 
27 30 23 29 20 28 17 27 33 
27 30 21 29 17 28 14 27 33 
27 30 20 29 16 28 12 27 33 
26 30 21 29 15 28 11 27 33 
27 30 24 29 22 28 20 27 33 
27 30 22 29 19 28 16 27 33 
26 29 20 28 16 27 12 26 33 
26 29 21 28 15 27 10 26 33 
26 30 22 29 18 28 15 27 33 
27 30 20 29 13 28 8 27 33 
27 30 24 29 20 28 18 27 33 
27 30 21 29 15 28 10 27 33 
26 30 22 29 17 28 14 27 33 
27 30 20 29 14 28 10 27 33 
26 30 19 29 13 28 8 27 33 
27 30 23 29 19 28 16 27 33 
26 30 21 29 16 28 12 27 33 
25 29 19 28 13 27 8 26 33 
28 30 24 29 21 28 19 27 33 
28 30 22 29 18 28 15 27 33 
27 30 21 29 16 28 13 27 33 
26 30 21 29 16 28 13 27 33 
27 31 23 30 20 29 17 28 33 
27 30 22 29 18 28 14 27 33 
27 31 21 30 17 29 13 28 33 
28 30 23 29 18 28 15 27 33 
27 30 21 29 15 28 11 27 33 
27 30 20 29 14 28 11 27 33 
26 30 20 29 15 28 11 27 33 
27 30 21 29 16 28 12 27 33 
27 31 22 30 17 29 14 28 33 
27 30 21 29 15 28 10 27 33 
27 30 21 29 17 28 14 27 33 
SCORES_TXT_END_0
SCORES_TXT_BEGIN_0 6 100 9 BLEU
28 30 26 29 24 28 22 27 32 
27 30 24 29 21 28 18 27 32 
27 30 24 29 21 28 19 27 32 
26 30 22 29 18 28 15 27 32 
27 30 24 29 21 28 18 27 32 
26 30 22 29 18 28 15 27 32 
28 30 23 29 19 28 16 27 32 
27 30 21 29 16 28 13 27 32 
27 30 25 29 23 28 21 27 32 
26 30 23 29 20 28 17 27 32 
26 30 23 29 20 28 18 27 32 
25 30 21 29 17 28 14 27 32 
26 30 23 29 20 28 17 27 32 
25 30 21 29 17 28 14 27 32 
27 30 24 29 21 28 18 27 32 
26 30 22 29 19 28 16 27 32 
26 30 22 29 18 28 15 27 32 
25 30 20 29 16 28 13 27 32 
27 30 24 29 21 28 18 27 32 
26 30 22 29 18 28 15 27 32 
26 30 23 29 20 28 17 27 32 
27 30 24 29 21 28 18 27 32 
26 30 22 29 18 28 14 27 32 
25 30 21 29 17 28 14 27 32 
26 30 22 29 19 28 17 27 32 
25 30 20 29 16 28 13 27 32 
27 29 24 28 21 27 18 26 32 
28 30 23 29 19 28 16 27 32 
27 30 24 29 21 28 18 27 32 
26 29 22 28 18 27 15 26 32 
26 30 22 29 19 28 16 27 32 
26 29 22 28 19 27 16 26 32 
27 30 21 29 16 28 13 27 32 
27 30 25 29 23 28 21 27 32 
26 30 22 29 18 28 15 27 32 
26 30 23 29 20 28 17 27 32 
25 30 20 29 16 28 13 27 32 
25 29 20 28 16 27 13 26 32 
26 30 23 29 20 28 18 27 32 
25 30 21 29 17 28 14 27 32 
27 30 23 29 20 28 17 27 32 
26 30 21 29 17 28 14 27 32 
27 30 22 29 18 28 15 27 32 
28 31 25 30 23 29 21 28 32 
27 31 23 30 20 29 17 28 32 
26 30 20 29 15 28 12 27 32 
26 30 22 29 18 28 15 27 32 
27 31 23 30 20 29 18 28 32 
26 31 21 30 17 29 14 28 32 
25 30 20 29 15 28 12 27 32 
27 30 25 29 23 28 21 27 32 
26 30 23 29 20 28 17 27 32 
27 30 21 29 17 28 14 27 32 
26 30 23 29 20 28 18 27 32 
25 30 21 29 17 28 14 27 32 
26 30 19 29 14 28 11 27 32 
26 30 22 29 18 28 14 27 32 
25 30 20 29 16 28 13 27 32 
27 30 21 29 16 28 12 27 32 
27 30 24 29 22 28 20 27 32 
26 30 22 29 19 28 16 27 32 
26 30 22 29 19 28 16 27 32 
26 30 19 29 14 28 11 27 32 
25 30 20 29 16 28 13 27 32 
26 30 23 29 20 28 17 27 32 
26 30 23 29 21 28 19 27 32 
25 30 21 29 18 28 15 27 32 
25 30 21 29 18 28 15 27 32 
25 30 21 29 17 28 14 27 32 
24 30 19 29 15 28 12 27 32 
27 30 21 29 17 28 14 27 32 
28 30 23 29 19 28 15 27 32 
26 30 23 29 20 28 17 27 32 
26 30 22 29 18 28 15 27 32 
25 30 21 29 18 28 15 27 32 
26 29 23 28 20 27 17 26 32 
26 30 19 29 14 28 11 27 32 
27 30 21 29 16 28 12 27 32 
25 30 21 29 17 28 14 27 32 
27 30 23 29 20 28 17 27 32 
25 30 20 29 15 28 12 27 32 
28 30 24 29 21 28 19 27 32 
24 30 19 29 15 28 12 27 32 
25 30 22 29 19 28 16 27 32 
27 30 22 29 18 28 15 27 32 
25 29 21 28 17 27 14 26 32 
26 30 23 29 20 28 17 27 32 
27 30 21 29 17 28 14 27 32 
25 30 21 29 17 28 13 27 32 
26 30 21 29 17 28 14 27 32 
24 30 20 29 16 28 13 27 32 
28 30 23 29 18 28 15 27 32 
25 30 21 29 18 28 16 27 32 
27 30 22 29 18 28 15 27 32 
26 30 19 29 14 28 11 27 32 
24 30 19 29 15 28 12 27 32 
26 30 22 29 18 28 15 27 32 
25 30 21 29 17 28 13 27 32 
27 30 21 29 15 28 12 27 32 
26 30 20 29 15 28 12 27 32 
SCORES_TXT_END_0
SCORES_TXT_BEGIN_0 7 100 9 BLEU
29 33 26 32 23 31 20 30 36 
29 33 25 32 21 31 17 30 36 
29 33 25 32 20 31 16 30 36 
28 33 23 32 18 31 13 30 36 
28 33 25 32 22 31 19 30 36 
28 33 24 32 20 31 17 30 36 
29 33 24 32 20 31 16 30 36 
29 33 24 32 20 31 16 30 36 
29 33 23 32 18 31 13 30 36 
29 33 23 32 18 31 13 30 36 
28 33 24 32 20 31 17 30 36 
28 33 23 32 18 31 14 30 36 
28 33 24 32 19 31 15 30 36 
28 33 24 32 21 31 18 30 36 
27 33 22 32 17 31 13 30 36 
29 33 23 32 17 31 12 30 36 
29 33 23 32 17 31 12 30 36 
28 33 21 32 15 31 9 30 36 
28 33 23 32 20 31 17 30 36 
28 33 21 32 15 31 9 30 36 
29 33 26 32 23 31 20 30 36 
29 33 25 32 21 31 17 30 36 
28 33 23 32 17 31 13 30 36 
27 33 21 32 15 31 10 30 36 
28 33 24 32 21 31 18 30 36 
29 33 24 32 20 31 17 30 36 
28 33 23 32 19 31 15 30 36 
28 33 23 32 18 31 14 30 36 
28 33 23 32 19 31 15 30 36 
28 33 23 32 20 31 17 30 36 
28 33 24 32 20 31 17 30 36 
28 33 22 32 17 31 13 30 36 
28 33 22 32 17 31 13 30 36 
28 33 22 32 17 31 13 30 36 
28 33 23 32 18 31 14 30 36 
27 33 22 32 17 31 13 30 36 
28 33 21 32 15 31 10 30 36 
29 32 26 31 23 30 20 29 36 
29 33 25 32 20 31 16 30 36 
28 33 24 32 20 31 17 30 36 
27 33 23 32 19 31 16 30 36 
29 32 25 31 21 30 17 29 36 
28 33 25 32 22 31 19 30 36 
28 33 23 32 18 31 13 30 36 
28 33 23 32 18 31 14 30 36 
27 33 22 32 17 31 14 30 36 
28 33 24 32 20 31 17 30 36 
28 33 22 32 17 31 13 30 36 
28 33 22 32 17 31 13 30 36 
28 33 21 32 15 31 10 30 36 
28 33 21 32 15 31 10 30 36 
27 33 23 32 20 31 17 30 36 
30 33 27 32 24 31 21 30 36 
28 33 24 32 21 31 18 30 36 
28 33 23 32 18 31 14 30 36 
29 33 23 32 17 31 13 30 36 
29 33 24 32 20 31 16 30 36 
28 33 22 32 16 31 11 30 36 
29 33 24 32 20 31 16 30 36 
30 33 26 32 22 31 18 30 36 
28 33 23 32 19 31 15 30 36 
28 33 22 32 16 31 11 30 36 
27 33 21 32 17 31 13 30 36 
28 33 22 32 18 31 14 30 36 
28 33 25 32 22 31 19 30 36 
29 33 23 32 18 31 13 30 36 
28 33 22 32 18 31 14 30 36 
28 33 23 32 18 31 15 30 36 
27 33 20 32 14 31 9 30 36 
27 33 22 32 19 31 17 30 36 
29 33 23 32 18 31 13 30 36 
27 33 20 32 14 31 9 30 36 
28 33 24 32 20 31 17 30 36 
28 33 21 32 14 31 9 30 36 
27 33 21 32 16 31 12 30 36 
28 33 21 32 17 31 13 30 36 
28 33 25 32 22 31 19 30 36 
27 33 19 32 12 31 6 30 36 
28 33 21 32 17 31 13 30 36 
29 32 25 31 20 30 16 29 36 
28 33 24 32 20 31 16 30 36 
28 33 24 32 20 31 17 30 36 
27 33 22 32 16 31 12 30 36 
28 33 24 32 20 31 16 30 36 
29 33 23 32 19 31 16 30 36 
28 32 23 31 18 30 13 29 36 
28 33 24 32 19 31 15 30 36 
28 33 24 32 20 31 16 30 36 
28 33 23 32 18 31 13 30 36 
27 33 22 32 18 31 15 30 36 
28 33 23 32 19 31 16 30 36 
29 33 23 32 19 31 16 30 36 
26 33 20 32 14 31 10 30 36 
28 33 23 32 18 31 13 30 36 
29 33 22 32 17 31 13 30 36 
27 33 22 32 17 31 13 30 36 
28 33 23 32 18 31 13 30 36 
28 33 21 32 14 31 9 30 36 
30 33 27 32 24 31 21 30 36 
28 33 21 32 14 31 9 30 36 
SCORES_TXT_END_0
SCORES_TXT_BEGIN_0 8 99 9 BLEU
26 28 24 27 22 26 20 25 31 
25 28 22 27 19 26 16 25 31 
25 28 22 27 20 26 18 25 31 
26 28 22 27 19 26 17 25 31 
25 28 20 27 17 26 14 25 31 
25 28 22 27 19 26 16 25 31 
25 28 20 27 16 26 13 25 31 
26 28 22 27 19 26 16 25 31 
26 28 21 27 17 26 14 25 31 
25 28 22 27 19 26 16 25 31 
25 28 23 27 21 26 19 25 31 
25 28 20 27 16 26 12 25 31 
25 28 21 27 19 26 17 25 31 
24 28 20 27 17 26 14 25 31 
25 28 20 27 16 26 12 25 31 
25 28 20 27 17 26 14 25 31 
25 28 20 27 16 26 13 25 31 
25 28 20 27 16 26 13 25 31 
25 28 19 27 15 26 12 25 31 
24 28 20 27 17 26 14 25 31 
24 28 21 27 18 26 15 25 31 
24 28 21 27 19 26 17 25 31 
25 28 19 27 16 26 13 25 31 
24 28 18 27 14 26 10 25 31 
26 28 19 27 14 26 11 25 31 
25 28 20 27 16 26 13 25 31 
25 28 22 27 20 26 18 25 31 
25 28 18 27 14 26 10 25 31 
25 28 22 27 20 26 18 25 31 
25 28 21 27 18 26 17 25 31 
25 28 18 27 13 26 9 25 31 
24 28 18 27 13 26 9 25 31 
25 28 22 27 19 26 17 25 31 
24 28 19 27 16 26 13 25 31 
25 28 19 27 14 26 10 25 31 
24 28 20 27 16 26 12 25 31 
25 28 20 27 17 26 14 25 31 
26 28 19 27 14 26 10 25 31 
25 28 20 27 16 26 12 25 31 
25 28 23 27 21 26 19 25 31 
24 28 20 27 17 26 14 25 31 
24 28 21 27 18 26 15 25 31 
24 28 19 27 15 26 13 25 31 
24 28 20 27 18 26 17 25 31 
25 28 21 27 18 26 15 25 31 
24 28 19 27 16 26 13 25 31 
25 28 21 27 18 26 15 25 31 
25 28 22 27 19 26 16 25 31 
24 28 19 27 16 26 13 25 31 
24 28 20 27 16 26 13 25 31 
24 28 20 27 17 26 15 25 31 
25 28 22 27 20 26 18 25 31 
25 27 22 26 19 25 16 24 31 
25 28 20 27 18 26 17 25 31 
25 28 20 27 16 26 14 25 31 
25 28 20 27 16 26 13 25 31 
24 28 21 27 18 26 15 25 31 
26 28 22 27 19 26 17 25 31 
25 28 18 27 14 26 11 25 31 
24 28 19 27 16 26 13 25 31 
24 28 17 27 12 26 8 25 31 
23 28 18 27 14 26 10 25 31 
24 28 21 27 18 26 15 25 31 
25 28 17 27 12 26 8 25 31 
24 28 18 27 14 26 10 25 31 
24 28 19 27 15 26 11 25 31 
24 28 20 27 18 26 17 25 31 
24 28 18 27 15 26 13 25 31 
23 28 19 27 16 26 13 25 31 
26 28 21 27 18 26 16 25 31 
24 28 19 27 15 26 11 25 31 
24 28 17 27 13 26 9 25 31 
25 28 19 27 15 26 11 25 31 
25 28 20 27 16 26 12 25 31 
24 28 19 27 16 26 13 25 31 
25 28 17 27 11 26 7 25 31 
24 28 18 27 13 26 9 25 31 
24 28 19 27 16 26 13 25 31 
25 28 21 27 19 26 17 25 31 
24 28 20 27 17 26 14 25 31 
25 28 21 27 19 26 17 25 31 
24 28 17 27 13 26 9 25 31 
25 28 17 27 11 26 7 25 31 
24 28 18 27 13 26 9 25 31 
24 28 18 27 14 26 11 25 31 
25 28 21 27 19 26 17 25 31 
24 28 20 27 17 26 14 25 31 
25 28 20 27 17 26 14 25 31 
24 28 20 27 18 26 16 25 31 
24 28 20 27 17 26 14 25 31 
24 27 20 26 17 25 14 24 31 
24 28 18 27 15 26 13 25 31 
25 28 22 27 20 26 18 25 31 
24 28 19 27 15 26 13 25 31 
25 28 20 27 17 26 14 25 31 
24 28 19 27 15 26 13 25 31 
24 28 19 27 15 26 12 25 31 
25 28 20 27 16 26 13 25 31 
24 28 20 27 16 26 14 25 31 
SCORES_TXT_END_0
SCORES_TXT_BEGIN_0 9 100 9 BLEU
12 18 7 17 4 16 1 15 19 
12 18 8 17 5 16 2 15 19 
12 17 7 16 4 15 1 14 19 
12 17 8 16 5 15 2 14 19 
12 18 7 17 4 16 1 15 19 
13 18 7 17 4 16 1 15 19 
13 18 8 17 5 16 2 15 19 
12 17 7 16 4 15 1 14 19 
12 18 7 17 4 16 1 15 19 
12 18 8 17 5 16 2 15 19 
11 18 7 17 4 16 1 15 19 
12 18 6 17 3 16 0 15 19 
12 18 7 17 4 16 1 15 19 
13 17 7 16 4 15 1 14 19 
13 17 8 16 5 15 2 14 19 
11 18 7 17 4 16 1 15 19 
13 18 9 17 6 16 3 15 19 
12 17 7 16 4 15 1 14 19 
12 17 8 16 5 15 2 14 19 
13 18 7 17 4 16 1 15 19 
11 17 7 16 4 15 1 14 19 
12 17 6 16 3 15 0 14 19 
12 17 7 16 4 15 1 14 19 
11 18 6 17 3 16 0 15 19 
12 18 7 17 4 16 1 15 19 
12 18 8 17 5 16 2 15 19 
12 18 7 17 4 16 1 15 19 
12 18 7 17 4 16 1 15 19 
11 17 7 16 4 15 1 14 19 
13 17 9 16 6 15 3 14 19 
12 18 6 17 3 16 0 15 19 
12 18 6 17 3 16 1 15 19 
13 17 7 16 4 15 1 14 19 
12 18 7 17 4 16 2 15 19 
11 17 6 16 3 15 0 14 19 
12 17 7 16 4 15 1 14 19 
12 17 8 16 5 15 2 14 19 
12 19 7 18 4 17 1 16 19 
12 19 8 18 5 17 2 16 19 
12 18 7 17 4 16 1 15 19 
12 17 7 16 4 15 1 14 19 
12 18 7 17 4 16 1 15 19 
13 18 6 17 3 16 0 15 19 
13 18 7 17 4 16 1 15 19 
12 17 7 16 4 15 1 14 19 
14 21 9 20 7 19 5 18 19 
12 17 6 16 3 15 0 14 19 
12 17 6 16 3 15 1 14 19 
12 18 7 17 4 16 1 15 19 
12 17 7 16 4 15 2 14 19 
11 18 6 17 3 16 0 15 19 
12 18 7 17 4 16 1 15 19 
12 18 6 17 3 16 0 15 19 
14 18 9 17 6 16 3 15 19 
12 18 7 17 4 16 1 15 19 
11 18 5 17 3 16 1 15 19 
11 18 6 17 4 16 2 15 19 
12 18 7 17 4 16 1 15 19 
12 18 8 17 5 16 2 15 19 
11 18 5 17 2 16 0 15 19 
11 18 6 17 3 16 1 15 19 
12 18 7 17 4 16 1 15 19 
12 18 8 17 5 16 2 15 19 
12 17 7 16 4 15 1 14 19 
14 20 10 19 8 18 6 17 19 
11 18 6 17 3 16 0 15 19 
14 20 11 19 9 18 7 17 19 
12 17 7 16 4 15 1 14 19 
13 17 6 16 3 15 0 14 19 
13 17 7 16 4 15 1 14 19 
12 18 7 17 4 16 1 15 19 
12 18 6 17 3 16 0 15 19 
13 18 7 17 4 16 1 15 19 
13 18 9 17 6 16 3 15 19 
13 18 8 17 5 16 2 15 19 
12 18 6 17 3 16 1 15 19 
13 18 7 17 4 16 1 15 19 
14 20 9 19 7 18 5 17 19 
12 19 6 18 3 17 1 16 19 
11 18 6 17 3 16 0 15 19 
11 17 5 16 2 15 0 14 19 
11 17 6 16 3 15 1 14 19 
12 17 7 16 4 15 1 14 19 
11 17 6 16 3 15 0 14 19 
13 18 8 17 5 16 2 15 19 
12 17 7 16 4 15 1 14 19 
12 17 6 16 3 15 0 14 19 
14 17 9 16 6 15 3 14 19 
12 17 7 16 4 15 1 14 19 
12 19 7 18 4 17 1 16 19 
11 17 5 16 3 15 1 14 19 
12 18 6 17 3 16 0 15 19 
11 17 6 16 4 15 2 14 19 
12 18 7 17 4 16 1 15 19 
12 17 7 16 4 15 1 14 19 
12 17 8 16 5 15 2 14 19 
12 18 8 17 5 16 2 15 19 
13 18 6 17 3 16 0 15 19 
11 17 5 16 2 15 0 14 19 
12 18 6 17 3 16 1 15 19 
SCORES_TXT_END_0
SCORES_TXT_BEGIN_0 10 100 9 BLEU
11 17 5 16 2 15 0 14 19 
11 17 6 16 3 15 1 14 19 
11 16 5 15 2 14 0 13 19 
11 16 6 15 3 14 1 13 19 
11 17 5 16 2 15 0 14 19 
11 16 5 15 2 14 0 13 19 
10 17 5 16 2 15 0 14 19 
10 17 4 16 2 15 0 14 19 
11 17 5 16 3 15 1 14 19 
10 17 5 16 2 15 0 14 19 
12 17 7 16 4 15 2 14 19 
10 16 5 15 2 14 0 13 19 
11 17 6 16 3 15 1 14 19 
11 17 5 16 2 15 0 14 19 
10 16 4 15 2 14 0 13 19 
11 16 5 15 3 14 1 13 19 
10 16 5 15 2 14 0 13 19 
12 16 7 15 4 14 2 13 19 
10 17 4 16 1 15 0 14 19 
10 17 5 16 2 15 1 14 19 
10 17 4 16 2 15 0 14 19 
11 16 6 15 3 14 1 13 19 
11 18 5 17 2 16 0 15 19 
11 18 6 17 3 16 1 15 19 
11 17 5 16 2 15 0 14 19 
11 16 5 15 2 14 0 13 19 
10 17 4 16 2 15 0 14 19 
13 20 7 19 5 18 4 17 19 
11 17 5 16 3 15 1 14 19 
10 16 4 15 1 14 0 13 19 
10 16 5 15 2 14 1 13 19 
10 17 3 16 1 15 0 14 19 
10 17 4 16 2 15 1 14 19 
10 16 4 15 2 14 0 13 19 
11 17 5 16 2 15 0 14 19 
11 17 6 16 3 15 1 14 19 
11 16 5 15 2 14 0 13 19 
13 19 8 18 6 17 5 16 19 
13 19 9 18 7 17 6 16 19 
10 17 4 16 1 15 0 14 19 
9 17 4 16 2 15 0 14 19 
10 16 4 15 2 14 0 13 19 
13 19 7 18 5 17 4 16 19 
11 16 5 15 3 14 1 13 19 
11 18 4 17 1 16 0 15 19 
11 18 5 17 2 16 0 15 19 
10 16 3 15 1 14 0 13 19 
10 16 4 15 2 14 1 13 19 
9 17 4 16 2 15 0 14 19 
11 17 6 16 4 15 2 14 19 
13 18 8 17 6 16 5 15 19 
10 17 4 16 2 15 0 14 19 
13 18 9 17 7 16 6 15 19 
10 17 5 16 3 15 1 14 19 
10 17 4 16 2 15 0 14 19 
10 16 4 15 1 14 0 13 19 
9 16 4 15 2 14 0 13 19 
11 17 4 16 1 15 0 14 19 
10 17 3 16 1 15 0 14 19 
10 17 5 16 3 15 1 14 19 
10 17 4 16 2 15 0 14 19 
11 17 5 16 2 15 0 14 19 
9 16 4 15 2 14 0 13 19 
13 19 8 18 6 17 5 16 19 
9 17 4 16 1 15 0 14 19 
11 16 6 15 4 14 2 13 19 
10 16 4 15 2 14 0 13 19 
10 16 5 15 3 14 1 13 19 
9 17 3 16 1 15 0 14 19 
10 16 4 15 2 14 0 13 19 
10 17 4 16 2 15 1 14 19 
10 18 5 17 2 16 0 15 19 
9 17 4 16 1 15 0 14 19 
11 17 6 16 3 15 2 14 19 
11 18 5 17 2 16 0 15 19 
10 16 3 15 1 14 0 13 19 
10 16 5 15 3 14 1 13 19 
10 18 4 17 2 16 0 15 19 
11 18 5 17 3 16 1 15 19 
10 17 4 16 2 15 0 14 19 
10 16 4 15 2 14 0 13 19 
9 17 4 16 2 15 0 14 19 
10 18 5 17 2 16 0 15 19 
13 18 8 17 6 16 5 15 19 
9 16 4 15 1 14 0 13 19 
10 17 4 16 2 15 0 14 19 
12 18 7 17 4 16 2 15 19 
12 20 6 19 5 18 4 17 19 
10 17 5 16 2 15 1 14 19 
9 17 3 16 1 15 0 14 19 
10 17 4 16 1 15 0 14 19 
9 17 4 16 2 15 0 14 19 
9 16 3 15 1 14 0 13 19 
10 16 4 15 2 14 1 13 19 
10 17 5 16 2 15 0 14 19 
11 17 6 16 4 15 2 14 19 
11 17 4 16 1 15 0 14 19 
9 16 4 15 1 14 0 13 19 
12 19 8 18 6 17 5 16 19 
9 17 2 16 1 15 0 14 19 
SCORES_TXT_END_0
SCORES_TXT_BEGIN_0 11 100 9 BLEU
11 14 6 13 4 12 2 11 19 
11 14 8 13 6 12 4 11 19 
11 15 5 14 3 13 1 12 19 
11 15 7 14 5 13 3 12 19 
10 14 6 13 4 12 2 11 19 
10 14 5 13 3 12 1 11 19 
10 14 4 13 2 12 1 11 19 
10 14 7 13 5 12 3 11 19 
13 16 9 15 8 14 7 13 19 
10 15 5 14 3 13 1 12 19 
10 15 4 14 2 13 1 12 19 
10 14 6 13 4 12 3 11 19 
13 16 11 15 10 14 9 13 19 
10 15 3 14 2 13 1 12 19 
10 15 6 14 4 13 3 12 19 
13 17 8 16 7 15 6 14 19 
9 14 5 13 3 12 1 11 19 
10 14 5 13 3 12 1 11 19 
11 14 4 13 1 12 0 11 19 
10 14 6 13 4 12 1 11 19 
11 15 6 14 4 13 2 12 19 
10 15 5 14 4 13 3 12 19 
10 14 6 13 3 12 1 11 19 
10 14 5 13 3 12 1 11 19 
13 17 10 16 9 15 8 14 19 
12 16 7 15 5 14 3 13 19 
9 14 4 13 2 12 1 11 19 
12 16 9 15 8 14 7 13 19 
10 14 6 13 4 12 2 11 19 
11 14 6 13 2 12 0 11 19 
9 14 5 13 3 12 1 11 19 
11 14 8 13 6 12 3 11 19 
9 14 5 13 3 12 1 11 19 
9 15 4 14 2 13 1 12 19 
12 16 9 15 7 14 5 13 19 
13 16 6 15 3 14 2 13 19 
10 15 4 14 2 13 0 12 19 
11 15 3 14 1 13 0 12 19 
10 15 5 14 3 13 1 12 19 
11 16 5 15 3 14 1 13 19 
10 14 8 13 6 12 4 11 19 
10 15 5 14 2 13 0 12 19 
10 15 4 14 2 13 0 12 19 
12 16 7 15 5 14 4 13 19 
12 17 6 16 4 15 3 14 19 
9 15 3 14 2 13 1 12 19 
12 17 8 16 7 15 6 14 19 
10 15 5 14 3 13 1 12 19 
13 16 8 15 5 14 4 13 19 
11 15 5 14 2 13 0 12 19 
9 15 4 14 2 13 0 12 19 
11 15 7 14 5 13 3 12 19 
11 15 7 14 5 13 3 12 19 
10 14 6 13 3 12 1 11 19 
9 15 4 14 2 13 0 12 19 
10 14 4 13 1 12 0 11 19 
12 16 9 15 7 14 6 13 19 
11 15 5 14 3 13 1 12 19 
12 17 8 16 6 15 5 14 19 
10 14 6 13 4 12 1 11 19 
10 15 6 14 4 13 2 12 19 
13 17 5 16 3 15 2 14 19 
10 15 7 14 5 13 3 12 19 
9 14 4 13 2 12 0 11 19 
9 14 4 13 2 12 1 11 19 
11 16 7 15 5 14 3 13 19 
10 15 5 14 3 13 1 12 19 
9 14 5 13 2 12 0 11 19 
12 17 6 16 5 15 4 14 19 
9 14 4 13 2 12 0 11 19 
12 16 8 15 6 14 3 13 19 
9 14 6 13 4 12 2 11 19 
11 15 7 14 4 13 1 12 19 
13 17 7 16 5 15 4 14 19 
11 15 6 14 4 13 2 12 19 
9 14 3 13 1 12 0 11 19 
9 14 5 13 3 12 1 11 19 
11 16 6 15 4 14 2 13 19 
10 15 4 14 2 13 1 12 19 
11 15 6 14 4 13 2 12 19 
9 14 4 13 2 12 1 11 19 
9 14 6 13 4 12 3 11 19 
12 16 8 15 7 14 6 13 19 
8 14 4 13 2 12 0 11 19 
10 15 5 14 2 13 0 12 19 
9 14 4 13 1 12 0 11 19 
9 14 3 13 1 12 0 11 19 
12 16 6 15 3 14 2 13 19 
13 17 9 16 8 15 7 14 19 
11 16 5 15 3 14 1 13 19 
10 15 3 14 1 13 0 12 19 
11 15 5 14 3 13 1 12 19 
12 17 8 16 7 15 6 14 19 
11 16 4 15 2 14 0 13 19 
12 16 9 15 7 14 6 13 19 
10 15 5 14 3 13 1 12 19 
10 16 5 15 3 14 1 13 19 
12 16 8 15 7 14 6 13 19 
13 16 10 15 8 14 5 13 19 
8 14 4 13 2 12 0 11 19 
SCORES_TXT_END_0
SCORES_TXT_BEGIN_0 12 100 9 BLEU
12 18 7 17 4 16 1 15 19 
12 18 8 17 5 16 2 15 19 
12 17 7 16 4 15 1 14 19 
12 17 8 16 5 15 2 14 19 
12 18 7 17 4 16 1 15 19 
13 18 7 17 4 16 1 15 19 
13 18 8 17 5 16 2 15 19 
12 17 7 16 4 15 1 14 19 
12 18 7 17 4 16 1 15 19 
12 18 8 17 5 16 2 15 19 
11 18 7 17 4 16 1 15 19 
12 18 6 17 3 16 0 15 19 
12 18 7 17 4 16 1 15 19 
13 17 7 16 4 15 1 14 19 
13 17 8 16 5 15 2 14 19 
11 18 7 17 4 16 1 15 19 
13 18 9 17 6 16 3 15 19 
12 17 7 16 4 15 1 14 19 
12 17 8 16 5 15 2 14 19 
13 18 7 17 4 16 1 15 19 
11 17 7 16 4 15 1 14 19 
12 17 6 16 3 15 0 14 19 
12 17 7 16 4 15 1 14 19 
11 18 6 17 3 16 0 15 19 
12 18 7 17 4 16 1 15 19 
12 18 8 17 5 16 2 15 19 
12 18 7 17 4 16 1 15 19 
12 18 7 17 4 16 1 15 19 
11 17 7 16 4 15 1 14 19 
13 17 9 16 6 15 3 14 19 
12 18 6 17 3 16 0 15 19 
12 18 6 17 3 16 1 15 19 
13 17 7 16 4 15 1 14 19 
12 18 7 17 4 16 2 15 19 
11 17 6 16 3 15 0 14 19 
12 17 7 16 4 15 1 14 19 
12 17 8 16 5 15 2 14 19 
12 19 7 18 4 17 1 16 19 
12 19 8 18 5 17 2 16 19 
12 18 7 17 4 16 1 15 19 
12 17 7 16 4 15 1 14 19 
12 18 7 17 4 16 1 15 19 
13 18 6 17 3 16 0 15 19 
13 18 7 17 4 16 1 15 19 
12 17 7 16 4 15 1 14 19 
14 21 9 20 7 19 5 18 19 
12 17 6 16 3 15 0 14 19 
12 17 6 16 3 15 1 14 19 
12 18 7 17 4 16 1 15 19 
12 17 7 16 4 15 2 14 19 
11 18 6 17 3 16 0 15 19 
12 18 7 17 4 16 1 15 19 
12 18 6 17 3 16 0 15 19 
14 18 9 17 6 16 3 15 19 
12 18 7 17 4 16 1 15 19 
11 18 5 17 3 16 1 15 19 
11 18 6 17 4 16 2 15 19 
12 18 7 17 4 16 1 15 19 
12 18 8 17 5 16 2 15 19 
11 18 5 17 2 16 0 15 19 
11 18 6 17 3 16 1 15 19 
12 18 7 17 4 16 1 15 19 
12 18 8 17 5 16 2 15 19 
12 17 7 16 4 15 1 14 19 
14 20 10 19 8 18 6 17 19 
11 18 6 17 3 16 0 15 19 
14 20 11 19 9 18 7 17 19 
12 17 7 16 4 15 1 14 19 
13 17 6 16 3 15 0 14 19 
13 17 7 16 4 15 1 14 19 
12 18 7 17 4 16 1 15 19 
12 18 6 17 3 16 0 15 19 
13 18 7 17 4 16 1 15 19 
13 18 9 17 6 16 3 15 19 
13 18 8 17 5 16 2 15 19 
12 18 6 17 3 16 1 15 19 
13 18 7 17 4 16 1 15 19 
14 20 9 19 7 18 5 17 19 
12 19 6 18 3 17 1 16 19 
11 18 6 17 3 16 0 15 19 
11 17 5 16 2 15 0 14 19 
11 17 6 16 3 15 1 14 19 
12 17 7 16 4 15 1 14 19 
11 17 6 16 3 15 0 14 19 
13 18 8 17 5 16 2 15 19 
12 17 7 16 4 15 1 14 19 
12 17 6 16 3 15 0 14 19 
14 17 9 16 6 15 3 14 19 
12 17 7 16 4 15 1 14 19 
12 19 7 18 4 17 1 16 19 
11 17 5 16 3 15 1 14 19 
12 18 6 17 3 16 0 15 19 
11 17 6 16 4 15 2 14 19 
12 18 7 17 4 16 1 15 19 
12 17 7 16 4 15 1 14 19 
12 17 8 16 5 15 2 14 19 
12 18 8 17 5 16 2 15 19 
13 18 6 17 3 16 0 15 19 
11 17 5 16 2 15 0 14 19 
12 18 6 17 3 16 1 15 19 
SCORES_TXT_END_0
SCORES_TXT_BEGIN_0 13 24 9 BLEU
7 10 4 9 2 8 1 7 19 
7 11 3 10 2 9 1 8 19 
6 10 3 9 1 8 0 7 19 
7 11 4 10 2 9 1 8 19 
6 10 3 9 1 8 0 7 19 
6 10 4 9 2 8 1 7 19 
6 11 2 10 1 9 0 8 19 
7 12 3 11 2 10 1 9 19 
6 11 2 10 1 9 0 8 19 
6 11 3 10 2 9 1 8 19 
6 11 3 10 1 9 0 8 19 
6 11 3 10 1 9 0 8 19 
5 10 3 9 1 8 0 7 19 
5 10 3 9 1 8 0 7 19 
7 11 4 10 2 9 1 8 19 
6 12 2 11 1 10 0 9 19 
7 12 3 11 2 10 1 9 19 
6 12 2 11 1 10 0 9 19 
5 11 2 10 1 9 0 8 19 
5 11 2 10 1 9 0 8 19 
6 11 4 10 2 9 1 8 19 
7 12 3 11 2 10 1 9 19 
8 11 3 10 1 9 0 8 19 
6 12 3 11 2 10 1 9 19 
SCORES_TXT_END_0
SCORES_TXT_BEGIN_0 14 49 9 BLEU
22 24 20 23 18 22 16 21 27 
21 24 18 23 15 22 13 21 27 
22 24 17 23 14 22 12 21 27 
21 24 19 23 17 22 15 21 27 
21 24 18 23 15 22 13 21 27 
21 24 18 23 15 22 13 21 27 
22 25 20 24 18 23 16 22 27 
21 24 19 23 17 22 15 21 27 
21 24 18 23 15 22 13 21 27 
21 24 18 23 15 22 13 21 27 
21 24 15 23 11 22 9 21 27 
21 24 18 23 15 22 13 21 27 
20 24 17 23 14 22 12 21 27 
20 24 16 23 12 22 10 21 27 
22 24 17 23 14 22 12 21 27 
21 24 16 23 13 22 11 21 27 
22 24 17 23 14 22 11 21 27 
21 24 15 23 11 22 9 21 27 
20 24 16 23 12 22 10 21 27 
20 24 17 23 14 22 12 21 27 
22 25 19 24 17 23 15 22 27 
20 24 17 23 14 22 12 21 27 
20 24 16 23 12 22 10 21 27 
21 25 18 24 15 23 13 22 27 
22 25 19 24 16 23 13 22 27 
22 25 17 24 14 23 12 22 27 
21 25 19 24 17 23 15 22 27 
22 25 19 24 16 23 13 22 27 
21 25 18 24 15 23 13 22 27 
21 24 17 23 14 22 12 21 27 
22 24 17 23 14 22 11 21 27 
22 25 19 24 16 23 14 22 27 
21 25 18 24 15 23 13 22 27 
21 24 17 23 12 22 10 21 27 
21 24 16 23 13 22 11 21 27 
22 25 19 24 17 23 15 22 27 
22 25 19 24 16 23 13 22 27 
21 24 15 23 11 22 9 21 27 
21 24 15 23 11 22 9 21 27 
22 25 19 24 17 23 15 22 27 
21 24 18 23 14 22 11 21 27 
22 25 20 24 18 23 16 22 27 
22 25 20 24 18 23 16 22 27 
20 24 17 23 14 22 12 21 27 
22 24 17 23 14 22 11 21 27 
20 24 17 23 14 22 12 21 27 
20 24 17 23 14 22 12 21 27 
22 24 17 23 14 22 11 21 27 
22 25 19 24 16 23 13 22 27 
SCORES_TXT_END_0
SCORES_TXT_BEGIN_0 15 77 9 BLEU
34 40 28 39 24 38 20 37 39 
33 40 27 39 21 38 16 37 39 
33 40 27 39 21 38 16 37 39 
32 40 25 39 18 38 12 37 39 
33 40 26 39 21 38 17 37 39 
32 40 25 39 19 38 15 37 39 
33 40 26 39 21 38 17 37 39 
34 40 25 39 20 38 16 37 39 
33 40 26 39 21 38 17 37 39 
33 40 27 39 23 38 19 37 39 
33 40 26 39 21 38 16 37 39 
32 40 25 39 18 38 13 37 39 
33 40 26 39 21 38 17 37 39 
32 40 25 39 20 38 16 37 39 
32 40 25 39 18 38 13 37 39 
34 41 28 40 24 39 20 38 39 
34 40 26 39 21 38 17 37 39 
32 40 26 39 20 38 15 37 39 
33 40 26 39 21 38 17 37 39 
32 40 25 39 18 38 12 37 39 
31 40 23 39 16 38 11 37 39 
32 40 25 39 18 38 13 37 39 
33 41 27 40 21 39 16 38 39 
32 40 25 39 18 38 13 37 39 
33 40 27 39 23 38 19 37 39 
33 40 25 39 18 38 13 37 39 
33 40 26 39 21 38 16 37 39 
34 40 25 39 20 38 16 37 39 
33 40 24 39 17 38 12 37 39 
32 40 25 39 18 38 13 37 39 
33 40 27 39 23 38 19 37 39 
33 40 26 39 21 38 17 37 39 
34 40 27 39 22 38 18 37 39 
32 40 26 39 20 38 15 37 39 
32 40 26 39 20 38 15 37 39 
32 40 25 39 18 38 12 37 39 
32 40 25 39 18 38 12 37 39 
33 40 24 39 17 38 12 37 39 
31 40 24 39 17 38 12 37 39 
31 40 23 39 15 38 9 37 39 
32 40 25 39 20 38 16 37 39 
33 40 26 39 21 38 17 37 39 
32 40 26 39 20 38 15 37 39 
33 40 27 39 23 38 19 37 39 
32 40 25 39 18 38 13 37 39 
33 41 27 40 21 39 16 38 39 
33 40 26 39 19 38 15 37 39 
33 40 25 39 18 38 13 37 39 
31 40 24 39 17 38 11 37 39 
32 40 25 39 18 38 13 37 39 
31 40 23 39 15 38 8 37 39 
32 40 24 39 18 38 15 37 39 
32 40 25 39 20 38 16 37 39 
33 40 23 39 18 38 15 37 39 
31 40 24 39 17 38 12 37 39 
32 40 24 39 18 38 14 37 39 
32 40 25 39 18 38 13 37 39 
32 40 26 39 20 38 15 37 39 
32 41 25 40 18 39 12 38 39 
32 40 26 39 20 38 15 37 39 
32 40 23 39 15 38 9 37 39 
32 40 25 39 18 38 12 37 39 
32 40 25 39 21 38 16 37 39 
34 41 28 40 23 39 18 38 39 
32 40 24 39 18 38 13 37 39 
32 40 26 39 20 38 15 37 39 
32 40 24 39 18 38 14 37 39 
31 40 23 39 18 38 15 37 39 
33 40 26 39 19 38 14 37 39 
31 40 23 39 16 38 12 37 39 
31 40 24 39 17 38 11 37 39 
31 40 23 39 15 38 8 37 39 
34 41 27 40 23 39 19 38 39 
33 41 26 40 21 39 17 38 39 
33 40 24 39 18 38 14 37 39 
31 40 24 39 19 38 14 37 39 
34 41 28 40 24 39 20 38 39 
SCORES_TXT_END_0
SCORES_TXT_BEGIN_0 16 96 9 BLEU
39 41 37 40 35 39 33 38 40 
38 41 35 40 32 39 29 38 40 
38 41 34 40 30 39 28 38 40 
38 41 35 40 32 39 29 38 40 
37 41 32 40 27 39 24 38 40 
38 40 35 39 33 38 31 37 40 
37 41 33 40 29 39 25 38 40 
39 41 34 40 31 39 29 38 40 
38 41 36 40 34 39 32 38 40 
37 40 33 39 30 38 27 37 40 
38 41 32 40 28 39 25 38 40 
37 41 34 40 31 39 28 38 40 
38 41 31 40 26 39 24 38 40 
37 40 33 39 30 38 28 37 40 
38 41 35 40 33 39 31 38 40 
38 41 32 40 28 39 25 38 40 
37 41 33 40 29 39 27 38 40 
37 41 34 40 31 39 28 38 40 
38 41 35 40 32 39 29 38 40 
37 41 29 40 23 39 20 38 40 
36 40 31 39 27 38 24 37 40 
37 41 33 40 30 39 27 38 40 
38 40 32 39 29 38 27 37 40 
37 41 30 40 25 39 21 38 40 
36 41 31 40 26 39 23 38 40 
37 40 34 39 32 38 30 37 40 
38 41 35 40 32 39 29 38 40 
36 41 32 40 28 39 24 38 40 
38 41 33 40 30 39 28 38 40 
39 41 34 40 30 39 27 38 40 
39 41 34 40 30 39 27 38 40 
37 40 33 39 30 38 28 37 40 
38 41 35 40 32 39 30 38 40 
36 41 30 40 24 39 21 38 40 
37 41 33 40 29 39 25 38 40 
38 41 34 40 31 39 28 38 40 
37 41 33 40 30 39 28 38 40 
37 40 30 39 26 38 23 37 40 
36 40 32 39 29 38 26 37 40 
38 41 35 40 32 39 29 38 40 
37 41 31 40 27 39 24 38 40 
37 41 32 40 27 39 24 38 40 
37 41 34 40 31 39 28 38 40 
38 41 35 40 32 39 29 38 40 
38 41 32 40 27 39 23 38 40 
36 40 31 39 27 38 24 37 40 
37 41 33 40 29 39 26 38 40 
36 41 29 40 24 39 20 38 40 
37 41 33 40 29 39 25 38 40 
37 41 32 40 28 39 24 38 40 
36 41 31 40 27 39 24 38 40 
37 40 30 39 26 38 24 37 40 
38 41 32 40 29 39 27 38 40 
39 42 37 41 35 40 33 39 40 
37 41 33 40 27 39 24 38 40 
39 41 34 40 31 39 29 38 40 
38 41 35 40 33 39 31 38 40 
37 41 30 40 25 39 23 38 40 
36 40 32 39 29 38 27 37 40 
37 41 34 40 32 39 30 38 40 
38 41 31 40 25 39 22 38 40 
37 41 34 40 29 39 25 38 40 
37 41 33 40 29 39 25 38 40 
38 41 31 40 25 39 22 38 40 
37 41 31 40 27 39 24 38 40 
37 41 32 40 27 39 25 38 40 
38 41 32 40 28 39 25 38 40 
38 41 35 40 32 39 29 38 40 
36 41 30 40 24 39 20 38 40 
38 41 32 40 27 39 23 38 40 
37 41 33 40 29 39 25 38 40 
38 41 32 40 27 39 23 38 40 
37 40 33 39 30 38 27 37 40 
37 41 33 40 30 39 28 38 40 
37 41 33 40 29 39 26 38 40 
37 41 29 40 22 39 18 38 40 
36 41 31 40 26 39 21 38 40 
38 41 32 40 28 39 25 38 40 
38 41 36 40 34 39 32 38 40 
36 40 28 39 23 38 20 37 40 
37 41 30 40 26 39 23 38 40 
38 42 35 41 32 40 29 39 40 
37 41 32 40 27 39 24 38 40 
38 41 32 40 28 39 25 38 40 
37 41 33 40 30 39 27 38 40 
37 41 34 40 31 39 28 38 40 
38 41 35 40 33 39 31 38 40 
36 41 28 40 22 39 19 38 40 
38 41 35 40 32 39 29 38 40 
37 40 33 39 30 38 27 37 40 
35 40 30 39 26 38 23 37 40 
36 41 32 40 29 39 26 38 40 
36 41 31 40 26 39 23 38 40 
37 40 31 39 28 38 26 37 40 
37 41 32 40 27 39 24 38 40 
37 41 33 40 29 39 25 38 40 
SCORES_TXT_END_0
SCORES_TXT_BEGIN_0 17 100 9 BLEU
15 19 12 18 9 17 6 16 20 
15 19 11 18 8 17 5 16 20 
16 19 12 18 9 17 6 16 20 
15 19 12 18 9 17 6 16 20 
15 19 11 18 6 17 3 16 20 
16 19 11 18 8 17 5 16 20 
15 19 11 18 8 17 5 16 20 
15 19 10 18 5 17 2 16 20 
15 19 11 18 8 17 5 16 20 
15 19 11 18 7 17 5 16 20 
15 19 10 18 7 17 5 16 20 
15 19 10 18 6 17 3 16 20 
15 20 12 19 9 18 6 17 20 
16 19 11 18 6 17 3 16 20 
15 19 11 18 6 17 3 16 20 
15 19 9 18 5 17 2 16 20 
15 20 11 19 8 18 5 17 20 
15 19 11 18 8 17 5 16 20 
16 19 10 18 5 17 2 16 20 
16 19 12 18 9 17 6 16 20 
16 19 11 18 8 17 5 16 20 
16 19 11 18 7 17 5 16 20 
15 19 10 18 5 17 2 16 20 
15 19 11 18 8 17 5 16 20 
14 19 10 18 5 17 2 16 20 
15 19 9 18 5 17 2 16 20 
14 19 10 18 8 17 6 16 20 
16 19 11 18 8 17 5 16 20 
16 19 10 18 7 17 5 16 20 
15 19 11 18 7 17 5 16 20 
15 19 10 18 4 17 2 16 20 
15 19 10 18 6 17 3 16 20 
16 20 12 19 9 18 6 17 20 
15 19 10 18 6 17 3 16 20 
15 19 10 18 7 17 5 16 20 
14 19 9 18 4 17 2 16 20 
15 19 10 18 7 17 4 16 20 
14 19 10 18 6 17 3 16 20 
15 19 8 18 4 17 1 16 20 
15 19 9 18 3 17 1 16 20 
14 19 9 18 7 17 5 16 20 
15 20 12 19 9 18 6 17 20 
15 20 11 19 6 18 3 17 20 
15 20 11 19 8 18 6 17 20 
15 19 9 18 5 17 2 16 20 
15 19 10 18 7 17 5 16 20 
16 20 11 19 8 18 5 17 20 
15 19 11 18 8 17 5 16 20 
15 19 9 18 5 17 2 16 20 
15 19 9 18 6 17 3 16 20 
14 19 9 18 5 17 2 16 20 
15 19 8 18 2 17 0 16 20 
15 19 11 18 8 17 5 16 20 
15 20 11 19 8 18 5 17 20 
14 19 11 18 8 17 5 16 20 
15 20 10 19 5 18 2 17 20 
15 19 10 18 5 17 2 16 20 
15 20 10 19 7 18 5 17 20 
15 19 9 18 5 17 2 16 20 
15 20 11 19 8 18 5 17 20 
16 19 11 18 6 17 3 16 20 
15 19 10 18 5 17 2 16 20 
16 19 9 18 5 17 2 16 20 
15 19 10 18 6 17 3 16 20 
15 19 10 18 8 17 6 16 20 
15 19 9 18 4 17 2 16 20 
15 20 11 19 7 18 5 17 20 
16 19 10 18 4 17 2 16 20 
15 19 11 18 8 17 5 16 20 
15 19 10 18 7 17 4 16 20 
15 19 10 18 6 17 3 16 20 
14 19 10 18 5 17 2 16 20 
15 19 9 18 5 17 2 16 20 
14 19 10 18 8 17 6 16 20 
15 19 8 18 4 17 2 16 20 
15 19 8 18 3 17 1 16 20 
14 19 9 18 5 17 3 16 20 
15 20 10 19 7 18 5 17 20 
15 19 10 18 7 17 5 16 20 
15 20 10 19 6 18 3 17 20 
16 19 10 18 5 17 2 16 20 
15 19 9 18 4 17 2 16 20 
15 19 10 18 4 17 2 16 20 
16 19 11 18 8 17 5 16 20 
15 19 10 18 7 17 4 16 20 
16 19 8 18 4 17 1 16 20 
15 19 9 18 3 17 1 16 20 
15 19 9 18 5 17 2 16 20 
15 19 9 18 7 17 5 16 20 
14 19 10 18 6 17 3 16 20 
16 20 11 19 6 18 3 17 20 
16 20 11 19 8 18 6 17 20 
15 19 9 18 3 17 1 16 20 
15 19 10 18 7 17 5 16 20 
16 19 11 18 7 17 5 16 20 
16 19 10 18 7 17 5 16 20 
15 19 9 18 6 17 3 16 20 
15 19 9 18 5 17 2 16 20 
14 19 9 18 4 17 2 16 20 
14 19 10 18 7 17 4 16 20 
SCORES_TXT_END_0
SCORES_TXT_BEGIN_0 18 78 9 BLEU
14 17 11 16 8 15 6 14 20 
14 17 10 16 5 15 3 14 20 
14 17 10 16 7 15 5 14 20 
13 17 10 16 7 15 5 14 20 
13 17 9 16 5 15 3 14 20 
14 18 11 17 8 16 6 15 20 
13 17 9 16 4 15 2 14 20 
14 17 8 16 4 15 2 14 20 
13 17 9 16 5 15 3 14 20 
13 17 10 16 8 15 6 14 20 
13 17 9 16 4 15 2 14 20 
13 17 9 16 6 15 4 14 20 
13 17 8 16 2 15 1 14 20 
14 18 11 17 8 16 6 15 20 
14 18 10 17 5 16 3 15 20 
13 17 9 16 6 15 5 14 20 
13 17 8 16 4 15 2 14 20 
14 17 9 16 5 15 3 14 20 
13 17 10 16 7 15 5 14 20 
14 18 10 17 7 16 5 15 20 
13 17 9 16 6 15 4 14 20 
14 17 7 16 2 15 1 14 20 
12 17 8 16 4 15 2 14 20 
13 17 8 16 2 15 1 14 20 
13 17 9 16 5 15 3 14 20 
13 18 10 17 7 16 5 15 20 
13 18 9 17 5 16 3 15 20 
14 17 7 16 3 15 1 14 20 
13 17 8 16 5 15 3 14 20 
13 17 8 16 4 15 2 14 20 
14 18 10 17 5 16 3 15 20 
13 17 9 16 7 15 5 14 20 
12 17 8 16 3 15 2 14 20 
13 17 8 16 5 15 3 14 20 
13 17 7 16 3 15 1 14 20 
12 17 7 16 1 15 0 14 20 
14 18 10 17 6 16 4 15 20 
13 17 9 16 4 15 2 14 20 
12 17 8 16 4 15 2 14 20 
12 17 9 16 7 15 5 14 20 
14 18 10 17 7 16 5 15 20 
13 18 9 17 4 16 2 15 20 
12 17 8 16 5 15 3 14 20 
14 18 10 17 7 16 5 15 20 
14 18 8 17 4 16 2 15 20 
12 17 8 16 5 15 3 14 20 
12 17 7 16 1 15 0 14 20 
14 18 10 17 7 16 5 15 20 
12 17 7 16 3 15 1 14 20 
14 18 11 17 8 16 6 15 20 
14 18 10 17 6 16 5 15 20 
13 18 9 17 5 16 3 15 20 
13 18 10 17 8 16 6 15 20 
14 18 10 17 7 16 5 15 20 
14 17 8 16 4 15 2 14 20 
13 17 9 16 6 15 5 14 20 
14 18 11 17 8 16 6 15 20 
14 18 10 17 6 16 3 15 20 
13 18 10 17 7 16 5 15 20 
13 18 9 17 4 16 2 15 20 
14 18 10 17 6 16 4 15 20 
13 18 9 17 5 16 3 15 20 
13 18 9 17 6 16 4 15 20 
13 17 8 16 5 15 3 14 20 
13 18 8 17 2 16 1 15 20 
13 17 6 16 1 15 0 14 20 
12 17 7 16 3 15 2 14 20 
14 17 9 16 6 15 5 14 20 
13 17 8 16 5 15 3 14 20 
13 17 8 16 4 15 2 14 20 
14 19 11 18 8 17 6 16 20 
14 17 9 16 4 15 2 14 20 
14 17 8 16 4 15 1 14 20 
12 17 7 16 1 15 0 14 20 
13 17 7 16 2 15 1 14 20 
12 17 8 16 4 15 2 14 20 
12 17 8 16 4 15 2 14 20 
14 17 8 16 4 15 2 14 20 
SCORES_TXT_END_0
SCORES_TXT_BEGIN_0 19 60 9 BLEU
43 45 41 44 39 43 37 42 48 
42 45 39 44 36 43 33 42 48 
42 45 39 44 36 43 33 42 48 
42 45 39 44 36 43 33 42 48 
41 45 38 44 35 43 32 42 48 
41 45 37 44 33 43 29 42 48 
42 45 39 44 36 43 33 42 48 
42 45 39 44 36 43 33 42 48 
41 45 37 44 33 43 29 42 48 
42 45 39 44 36 43 34 42 48 
42 45 40 44 38 43 36 42 48 
41 45 37 44 33 43 29 42 48 
43 45 38 44 35 43 33 42 48 
41 45 37 44 33 43 29 42 48 
41 45 37 44 33 43 30 42 48 
41 45 38 44 35 43 32 42 48 
42 45 39 44 36 43 33 42 48 
42 45 39 44 36 43 34 42 48 
42 45 39 44 36 43 33 42 48 
40 45 36 44 32 43 28 42 48 
41 45 37 44 33 43 29 42 48 
42 45 39 44 36 43 33 42 48 
42 45 39 44 36 43 33 42 48 
42 45 36 44 32 43 29 42 48 
41 45 37 44 33 43 29 42 48 
41 45 37 44 33 43 29 42 48 
41 45 38 44 35 43 32 42 48 
41 45 37 44 33 43 29 42 48 
42 45 39 44 36 43 33 42 48 
42 45 39 44 36 43 34 42 48 
41 45 37 44 33 43 30 42 48 
41 45 37 44 33 43 29 42 48 
41 45 37 44 33 43 29 42 48 
40 45 36 44 32 43 28 42 48 
40 45 35 44 30 43 25 42 48 
42 45 40 44 38 43 36 42 48 
41 45 37 44 33 43 29 42 48 
41 45 37 44 33 43 30 42 48 
41 45 38 44 35 43 32 42 48 
43 45 39 44 34 43 31 42 48 
41 45 37 44 33 43 30 42 48 
40 45 36 44 32 43 28 42 48 
40 45 35 44 30 43 25 42 48 
41 45 37 44 33 43 29 42 48 
41 45 38 44 35 43 32 42 48 
41 45 37 44 33 43 29 42 48 
41 45 37 44 34 43 32 42 48 
43 45 38 44 34 43 31 42 48 
42 45 39 44 36 43 33 42 48 
42 45 36 44 32 43 29 42 48 
43 46 40 45 37 44 34 43 48 
41 45 38 44 35 43 32 42 48 
42 45 36 44 32 43 29 42 48 
40 45 36 44 32 43 29 42 48 
40 45 35 44 30 43 26 42 48 
41 45 37 44 33 43 30 42 48 
40 45 37 44 34 43 31 42 48 
40 45 36 44 32 43 28 42 48 
41 45 38 44 35 43 32 42 48 
42 45 37 44 31 43 27 42 48 
SCORES_TXT_END_0
SCORES_TXT_BEGIN_0 20 100 9 BLEU
33 35 27 34 22 33 19 32 38 
32 35 26 34 19 33 16 32 38 
32 35 25 34 21 33 19 32 38 
33 35 30 34 27 33 24 32 38 
31 35 24 34 18 33 16 32 38 
33 35 29 34 24 33 21 32 38 
32 35 28 34 25 33 22 32 38 
32 35 27 34 22 33 19 32 38 
32 35 28 34 25 33 22 32 38 
32 35 27 34 22 33 19 32 38 
32 35 26 34 21 33 18 32 38 
33 35 24 34 18 33 15 32 38 
31 35 25 34 18 33 15 32 38 
31 35 26 34 23 33 20 32 38 
32 35 23 34 15 33 12 32 38 
31 35 25 34 20 33 17 32 38 
31 35 24 34 20 33 18 32 38 
32 35 29 34 26 33 23 32 38 
32 35 22 34 17 33 15 32 38 
30 35 23 34 17 33 15 32 38 
33 35 27 34 23 33 20 32 38 
32 35 28 34 23 33 20 32 38 
31 35 21 34 14 33 12 32 38 
33 35 26 34 20 33 17 32 38 
32 35 25 34 20 33 17 32 38 
33 35 28 34 24 33 21 32 38 
31 35 24 34 17 33 14 32 38 
32 35 27 34 21 33 18 32 38 
31 35 27 34 24 33 21 32 38 
32 35 26 34 22 33 19 32 38 
32 35 25 34 21 33 18 32 38 
31 35 26 34 21 33 18 32 38 
31 35 25 34 19 33 16 32 38 
32 35 24 34 18 33 15 32 38 
31 35 23 34 19 33 17 32 38 
32 35 25 34 21 33 19 32 38 
32 35 26 34 22 33 19 32 38 
32 35 28 34 25 33 22 32 38 
32 35 27 34 24 33 21 32 38 
30 35 22 34 16 33 14 32 38 
31 35 24 34 18 33 16 32 38 
31 35 25 34 19 33 16 32 38 
32 35 27 34 22 33 19 32 38 
32 35 25 34 21 33 18 32 38 
32 35 26 34 21 33 18 32 38 
33 35 25 34 19 33 16 32 38 
31 35 24 34 21 33 19 32 38 
32 35 25 34 19 33 15 32 38 
32 35 24 34 18 33 15 32 38 
32 35 24 34 16 33 13 32 38 
32 35 26 34 21 33 18 32 38 
30 35 23 34 18 33 16 32 38 
31 35 24 34 17 33 14 32 38 
32 35 25 34 19 33 16 32 38 
31 35 25 34 18 33 15 32 38 
32 35 23 34 17 33 14 32 38 
31 35 26 34 23 33 20 32 38 
32 35 28 34 25 33 22 32 38 
31 35 25 34 22 33 19 32 38 
31 35 24 34 16 33 13 32 38 
31 35 22 34 14 33 11 32 38 
31 35 25 34 20 33 17 32 38 
31 35 23 34 19 33 16 32 38 
32 35 27 34 22 33 19 32 38 
31 35 24 34 19 33 16 32 38 
32 35 23 34 18 33 16 32 38 
31 35 23 34 18 33 15 32 38 
33 35 28 34 24 33 21 32 38 
31 35 22 34 16 33 13 32 38 
31 35 22 34 15 33 13 32 38 
32 35 28 34 24 33 20 32 38 
31 35 24 34 20 33 18 32 38 
30 35 22 34 16 33 14 32 38 
33 35 27 34 21 33 18 32 38 
32 35 29 34 26 33 23 32 38 
31 35 26 34 23 33 20 32 38 
31 35 23 34 18 33 16 32 38 
32 35 27 34 22 33 19 32 38 
30 35 23 34 17 33 15 32 38 
31 35 21 34 16 33 14 32 38 
32 35 28 34 24 33 21 32 38 
33 35 25 34 20 33 17 32 38 
32 35 28 34 23 33 20 32 38 
31 35 25 34 20 33 17 32 38 
30 35 22 34 15 33 13 32 38 
32 35 26 34 22 33 19 32 38 
30 35 20 34 13 33 11 32 38 
32 35 27 34 21 33 18 32 38 
32 35 24 34 17 33 14 32 38 
32 35 27 34 24 33 21 32 38 
32 35 28 34 25 33 22 32 38 
32 35 25 34 19 33 16 32 38 
32 35 26 34 22 33 19 32 38 
31 35 24 34 19 33 16 32 38 
33 35 27 34 22 33 19 32 38 
32 35 27 34 23 33 20 32 38 
31 35 26 34 22 33 18 32 38 
31 35 26 34 21 33 18 32 38 
32 35 27 34 22 33 19 32 38 
33 35 24 34 17 33 13 32 38 
SCORES_TXT_END_0
SCORES_TXT_BEGIN_0 21 100 9 BLEU
22 25 15 24 9 23 6 22 30 
22 25 15 24 9 23 6 22 30 
21 25 13 24 8 23 6 22 30 
21 25 13 24 8 23 6 22 30 
22 25 18 24 14 23 11 22 30 
22 25 18 24 14 23 11 22 30 
21 25 16 24 12 23 9 22 30 
21 25 16 24 12 23 9 22 30 
22 25 15 24 9 23 6 22 30 
22 25 16 24 12 23 9 22 30 
23 25 16 24 12 23 9 22 30 
21 25 13 24 8 23 6 22 30 
22 25 18 24 14 23 11 22 30 
21 25 14 24 10 23 7 22 30 
22 25 14 24 10 23 7 22 30 
21 25 16 24 12 23 9 22 30 
22 25 16 24 12 23 9 22 30 
22 25 16 24 11 23 8 22 30 
22 25 16 24 11 23 8 22 30 
22 25 14 24 9 23 6 22 30 
23 25 14 24 9 23 6 22 30 
21 25 14 24 10 23 7 22 30 
21 25 13 24 8 23 6 22 30 
21 25 14 24 9 23 6 22 30 
21 25 13 24 8 23 6 22 30 
21 25 14 24 9 23 6 22 30 
21 25 12 24 8 23 6 22 30 
21 25 14 24 9 23 6 22 30 
22 25 12 24 8 23 6 22 30 
21 25 14 24 9 23 6 22 30 
21 25 16 24 12 23 9 22 30 
21 25 16 24 12 23 9 22 30 
22 25 16 24 11 23 8 22 30 
20 25 12 24 8 23 6 22 30 
20 25 12 24 8 23 6 22 30 
21 25 17 24 14 23 11 22 30 
21 25 17 24 14 23 11 22 30 
22 25 14 24 9 23 6 22 30 
24 28 17 27 12 26 9 25 30 
21 25 13 24 8 23 6 22 30 
21 25 14 24 9 23 6 22 30 
22 25 16 24 11 23 8 22 30 
21 25 16 24 12 23 9 22 30 
23 25 16 24 11 23 8 22 30 
22 25 16 24 12 23 9 22 30 
24 27 18 26 13 25 10 24 30 
24 27 18 26 13 25 10 24 30 
22 25 15 24 9 23 6 22 30 
22 25 15 24 9 23 6 22 30 
20 25 15 24 12 23 9 22 30 
20 25 15 24 12 23 9 22 30 
21 25 14 24 9 23 6 22 30 
21 25 12 24 8 23 6 22 30 
21 25 14 24 9 23 6 22 30 
21 25 14 24 9 23 6 22 30 
22 25 14 24 10 23 7 22 30 
22 25 14 24 10 23 7 22 30 
22 26 14 25 9 24 6 23 30 
23 28 15 27 11 26 9 25 30 
21 25 14 24 9 23 6 22 30 
20 25 14 24 10 23 7 22 30 
21 25 15 24 12 23 9 22 30 
22 25 14 24 9 23 6 22 30 
21 25 14 24 10 23 7 22 30 
23 27 16 26 12 25 10 24 30 
24 28 20 27 17 26 14 25 30 
22 25 15 24 12 23 9 22 30 
23 27 16 26 12 25 10 24 30 
21 25 16 24 12 23 9 22 30 
24 27 21 26 18 25 15 24 30 
24 27 21 26 18 25 15 24 30 
21 25 13 24 7 23 4 22 30 
21 25 13 24 7 23 4 22 30 
20 25 12 24 8 23 6 22 30 
20 25 12 24 8 23 6 22 30 
20 25 12 24 8 23 6 22 30 
21 25 17 24 14 23 11 22 30 
21 25 17 24 14 23 11 22 30 
21 25 17 24 14 23 11 22 30 
21 26 12 25 8 24 6 23 30 
21 25 14 24 8 23 5 22 30 
22 25 15 24 8 23 5 22 30 
22 26 17 25 14 24 11 23 30 
20 25 13 24 10 23 7 22 30 
23 28 18 27 15 26 12 25 30 
21 25 13 24 10 23 7 22 30 
23 27 19 26 16 25 13 24 30 
23 27 19 26 16 25 13 24 30 
20 25 11 24 6 23 4 22 30 
22 25 15 24 8 23 5 22 30 
20 25 11 24 6 23 4 22 30 
23 25 16 24 8 23 5 22 30 
22 25 16 24 11 23 8 22 30 
21 25 16 24 12 23 9 22 30 
24 27 18 26 13 25 10 24 30 
21 25 16 24 12 23 9 22 30 
22 25 15 24 9 23 6 22 30 
21 25 16 24 12 23 9 22 30 
20 25 15 24 12 23 9 22 30 
20 25 15 24 12 23 9 22 30 
SCORES_TXT_END_0
SCORES_TXT_BEGIN_0 22 100 9 BLEU
19 21 13 20 9 19 7 18 24 
18 21 11 20 8 19 7 18 24 
19 21 16 20 14 19 12 18 24 
18 21 12 20 6 19 3 18 24 
18 21 14 20 12 19 10 18 24 
18 21 13 20 9 19 7 18 24 
18 21 14 20 12 19 10 18 24 
17 21 10 20 5 19 3 18 24 
19 21 15 20 11 19 8 18 24 
17 21 11 20 8 19 7 18 24 
18 21 16 20 14 19 12 18 24 
17 21 12 20 10 19 8 18 24 
18 21 13 20 9 19 6 18 24 
17 21 12 20 6 19 3 18 24 
17 21 14 20 12 19 10 18 24 
18 21 13 20 9 19 6 18 24 
18 21 12 20 6 19 4 18 24 
19 21 14 20 11 19 9 18 24 
17 21 14 20 12 19 10 18 24 
16 21 10 20 5 19 3 18 24 
18 21 15 20 11 19 8 18 24 
18 21 12 20 9 19 7 18 24 
17 21 11 20 7 19 4 18 24 
18 21 11 20 7 19 5 18 24 
17 21 10 20 5 19 4 18 24 
19 21 15 20 11 19 9 18 24 
18 21 11 20 8 19 7 18 24 
18 21 12 20 9 19 7 18 24 
16 21 12 20 10 19 8 18 24 
17 21 13 20 9 19 6 18 24 
17 21 10 20 8 19 7 18 24 
17 21 9 20 6 19 5 18 24 
18 21 11 20 6 19 3 18 24 
18 21 14 20 12 19 10 18 24 
17 21 10 20 3 19 0 18 24 
18 21 13 20 9 19 7 18 24 
19 21 10 20 4 19 1 18 24 
18 21 13 20 8 19 5 18 24 
17 21 13 20 9 19 6 18 24 
18 21 14 20 12 19 10 18 24 
17 21 12 20 6 19 4 18 24 
18 21 14 20 11 19 9 18 24 
17 21 11 20 6 19 3 18 24 
18 21 13 20 9 19 7 18 24 
17 21 10 20 4 19 1 18 24 
17 21 9 20 5 19 3 18 24 
17 21 12 20 10 19 8 18 24 
16 21 8 20 2 19 0 18 24 
17 21 12 20 9 19 7 18 24 
18 21 14 20 11 19 8 18 24 
18 21 8 20 3 19 1 18 24 
18 21 13 20 8 19 5 18 24 
17 21 10 20 5 19 3 18 24 
17 21 11 20 6 19 3 18 24 
16 21 11 20 7 19 4 18 24 
17 21 11 20 7 19 5 18 24 
19 21 13 20 9 19 6 18 24 
16 21 10 20 5 19 4 18 24 
18 21 13 20 11 19 9 18 24 
18 21 14 20 12 19 10 18 24 
18 21 15 20 11 19 9 18 24 
17 21 11 20 8 19 7 18 24 
17 21 12 20 9 19 7 18 24 
16 21 9 20 5 19 3 18 24 
19 21 13 20 9 19 7 18 24 
17 21 12 20 10 19 8 18 24 
17 21 11 20 7 19 5 18 24 
16 21 8 20 3 19 1 18 24 
18 21 12 20 8 19 6 18 24 
18 21 12 20 10 19 8 18 24 
18 21 13 20 9 19 6 18 24 
16 21 10 20 8 19 7 18 24 
17 21 12 20 9 19 6 18 24 
17 21 11 20 6 19 3 18 24 
17 21 10 20 5 19 2 18 24 
18 21 12 20 8 19 6 18 24 
16 21 9 20 6 19 5 18 24 
18 21 11 20 7 19 4 18 24 
18 21 13 20 9 19 6 18 24 
17 21 11 20 6 19 3 18 24 
17 21 14 20 12 19 10 18 24 
16 21 10 20 3 19 0 18 24 
19 21 11 20 6 19 4 18 24 
17 21 11 20 9 19 7 18 24 
17 21 12 20 10 19 8 18 24 
17 21 13 20 9 19 7 18 24 
18 21 10 20 4 19 1 18 24 
17 21 13 20 8 19 5 18 24 
16 21 10 20 8 19 6 18 24 
17 21 14 20 12 19 10 18 24 
17 21 12 20 9 19 6 18 24 
17 21 11 20 6 19 3 18 24 
17 21 10 20 7 19 6 18 24 
17 21 11 20 7 19 4 18 24 
18 21 11 20 7 19 4 18 24 
18 21 15 20 13 19 11 18 24 
16 21 11 20 6 19 3 18 24 
16 21 8 20 4 19 2 18 24 
17 21 10 20 7 19 6 18 24 
18 21 13 20 8 19 6 18 24 
SCORES_TXT_END_0
SCORES_TXT_BEGIN_0 23 100 9 BLEU
17 21 12 20 8 19 5 18 24 
16 21 10 20 7 19 5 18 24 
17 21 15 20 11 19 8 18 24 
16 21 10 20 7 19 5 18 24 
16 21 11 20 5 19 1 18 24 
16 21 13 20 9 19 6 18 24 
15 21 8 20 6 19 5 18 24 
15 21 9 20 4 19 1 18 24 
16 21 13 20 10 19 8 18 24 
17 21 14 20 8 19 4 18 24 
17 21 14 20 10 19 7 18 24 
15 21 9 20 4 19 1 18 24 
15 21 11 20 8 19 6 18 24 
16 21 12 20 6 19 2 18 24 
16 21 12 20 8 19 5 18 24 
14 21 7 20 3 19 1 18 24 
16 21 12 20 7 19 4 18 24 
16 21 12 20 9 19 7 18 24 
16 21 12 20 7 19 3 18 24 
16 21 10 20 7 19 5 18 24 
15 21 10 20 5 19 2 18 24 
15 21 10 20 7 19 5 18 24 
15 21 10 20 5 19 1 18 24 
16 21 10 20 5 19 1 18 24 
16 21 10 20 6 19 4 18 24 
17 21 9 20 3 19 0 18 24 
15 21 10 20 6 19 3 18 24 
16 21 10 20 7 19 5 18 24 
16 21 13 20 9 19 6 18 24 
16 21 8 20 6 19 5 18 24 
15 21 8 20 4 19 1 18 24 
15 21 8 20 5 19 4 18 24 
16 21 7 20 2 19 0 18 24 
16 21 11 20 7 19 4 18 24 
15 21 9 20 4 19 1 18 24 
14 21 8 20 4 19 1 18 24 
15 21 8 20 6 19 5 18 24 
16 21 13 20 8 19 4 18 24 
17 21 12 20 8 19 5 18 24 
15 21 8 20 4 19 1 18 24 
17 21 13 20 9 19 7 18 24 
17 21 12 20 6 19 3 18 24 
16 21 7 20 2 19 0 18 24 
16 21 13 20 10 19 8 18 24 
15 21 9 20 6 19 4 18 24 
15 21 9 20 3 19 0 18 24 
16 21 11 20 7 19 5 18 24 
15 21 9 20 4 19 0 18 24 
15 21 9 20 4 19 1 18 24 
16 21 11 20 8 19 6 18 24 
15 21 11 20 6 19 2 18 24 
14 21 6 20 3 19 1 18 24 
17 21 13 20 8 19 5 18 24 
16 21 11 20 7 19 5 18 24 
16 21 10 20 4 19 1 18 24 
16 21 14 20 10 19 7 18 24 
16 21 12 20 6 19 2 18 24 
16 21 12 20 8 19 5 18 24 
15 21 5 20 1 19 0 18 24 
15 21 9 20 6 19 4 18 24 
15 21 7 20 3 19 1 18 24 
15 21 11 20 8 19 6 18 24 
14 21 7 20 2 19 0 18 24 
15 21 9 20 6 19 5 18 24 
15 21 10 20 4 19 1 18 24 
14 21 7 20 3 19 0 18 24 
15 21 11 20 7 19 4 18 24 
14 21 7 20 3 19 1 18 24 
16 21 10 20 7 19 5 18 24 
15 21 9 20 6 19 4 18 24 
16 21 10 20 5 19 3 18 24 
16 21 12 20 7 19 3 18 24 
16 21 11 20 5 19 1 18 24 
15 21 12 20 8 19 5 18 24 
16 21 12 20 6 19 3 18 24 
16 21 14 20 10 19 8 18 24 
16 21 12 20 8 19 6 18 24 
14 21 7 20 5 19 4 18 24 
17 21 11 20 5 19 2 18 24 
16 21 12 20 7 19 3 18 24 
14 21 7 20 3 19 0 18 24 
16 21 12 20 7 19 4 18 24 
16 21 12 20 9 19 7 18 24 
14 21 8 20 3 19 1 18 24 
15 21 10 20 4 19 1 18 24 
14 21 9 20 5 19 2 18 24 
16 21 10 20 5 19 1 18 24 
14 21 7 20 5 19 4 18 24 
16 21 11 20 7 19 5 18 24 
15 21 8 20 3 19 1 18 24 
15 21 12 20 9 19 7 18 24 
16 21 10 20 5 19 2 18 24 
16 21 10 20 7 19 5 18 24 
15 21 10 20 5 19 1 18 24 
16 21 12 20 8 19 5 18 24 
17 21 12 20 5 19 1 18 24 
17 21 12 20 7 19 5 18 24 
15 21 10 20 4 19 1 18 24 
15 21 12 20 8 19 6 18 24 
15 21 10 20 6 19 4 18 24 
SCORES_TXT_END_0
SCORES_TXT_BEGIN_0 24 100 9 BLEU
25 29 19 28 15 27 13 26 32 
24 29 18 28 13 27 9 26 32 
24 29 16 28 10 27 7 26 32 
25 29 22 28 19 27 17 26 32 
24 29 18 28 12 27 9 26 32 
23 29 15 28 8 27 3 26 32 
25 29 21 28 17 27 13 26 32 
25 29 19 28 14 27 11 26 32 
25 29 18 28 14 27 12 26 32 
25 29 20 28 16 27 13 26 32 
23 29 16 28 10 27 5 26 32 
25 29 21 28 16 27 13 26 32 
24 29 18 28 15 27 13 26 32 
24 29 18 28 12 27 7 26 32 
24 29 17 28 12 27 8 26 32 
24 29 15 28 9 27 6 26 32 
25 29 19 28 14 27 9 26 32 
25 29 17 28 11 27 7 26 32 
25 29 21 28 18 27 16 26 32 
24 29 19 28 14 27 9 26 32 
23 29 17 28 13 27 9 26 32 
23 29 15 28 10 27 7 26 32 
24 29 17 28 11 27 8 26 32 
25 29 19 28 13 27 9 26 32 
24 29 21 28 19 27 17 26 32 
23 29 14 28 7 27 2 26 32 
25 29 20 28 16 27 13 26 32 
24 29 16 28 9 27 3 26 32 
25 29 20 28 16 27 12 26 32 
25 29 18 28 13 27 10 26 32 
25 29 18 28 14 27 12 26 32 
23 29 17 28 12 27 9 26 32 
24 29 17 28 12 27 10 26 32 
24 29 19 28 15 27 12 26 32 
22 29 14 28 8 27 3 26 32 
23 29 15 28 9 27 4 26 32 
24 29 17 28 11 27 5 26 32 
24 29 20 28 17 27 13 26 32 
24 29 18 28 14 27 11 26 32 
25 29 20 28 15 27 12 26 32 
25 29 16 28 10 27 7 26 32 
24 29 19 28 14 27 9 26 32 
24 29 17 28 14 27 12 26 32 
24 29 17 28 11 27 7 26 32 
24 29 17 28 12 27 9 26 32 
24 29 17 28 11 27 6 26 32 
24 29 19 28 16 27 13 26 32 
24 29 17 28 12 27 8 26 32 
24 29 15 28 9 27 6 26 32 
22 29 15 28 10 27 5 26 32 
23 29 14 28 7 27 4 26 32 
24 29 20 28 16 27 13 26 32 
24 29 18 28 13 27 8 26 32 
24 29 20 28 16 27 14 26 32 
24 29 16 28 10 27 6 26 32 
23 29 16 28 11 27 9 26 32 
24 29 19 28 13 27 9 26 32 
23 29 17 28 12 27 7 26 32 
24 29 18 28 13 27 8 26 32 
24 29 15 28 9 27 5 26 32 
24 29 17 28 11 27 8 26 32 
23 29 16 28 12 27 8 26 32 
23 29 16 28 9 27 6 26 32 
23 29 16 28 9 27 3 26 32 
25 29 19 28 14 27 11 26 32 
23 29 14 28 9 27 6 26 32 
23 29 16 28 10 27 5 26 32 
24 29 18 28 14 27 9 26 32 
24 29 16 28 11 27 7 26 32 
24 29 18 28 12 27 8 26 32 
24 29 20 28 18 27 16 26 32 
23 29 14 28 7 27 2 26 32 
24 29 20 28 16 27 13 26 32 
23 29 18 28 14 27 9 26 32 
24 29 17 28 10 27 6 26 32 
24 29 17 28 13 27 11 26 32 
25 29 19 28 15 27 12 26 32 
23 29 15 28 8 27 2 26 32 
24 29 17 28 11 27 8 26 32 
22 29 13 28 6 27 3 26 32 
24 29 17 28 12 27 9 26 32 
24 29 17 28 12 27 9 26 32 
25 29 18 28 14 27 12 26 32 
24 29 17 28 13 27 11 26 32 
23 29 17 28 11 27 5 26 32 
23 29 16 28 11 27 8 26 32 
24 29 19 28 15 27 13 26 32 
23 29 16 28 9 27 6 26 32 
25 29 19 28 15 27 12 26 32 
25 29 20 28 16 27 13 26 32 
24 29 18 28 13 27 9 26 32 
24 29 16 28 11 27 9 26 32 
23 29 15 28 9 27 4 26 32 
24 29 18 28 15 27 13 26 32 
24 29 18 28 13 27 10 26 32 
25 29 18 28 13 27 9 26 32 
22 29 13 28 7 27 2 26 32 
24 29 19 28 16 27 13 26 32 
23 29 15 28 9 27 3 26 32 
23 29 16 28 10 27 4 26 32 
SCORES_TXT_END_0
SCORES_TXT_BEGIN_0 25 100 9 BLEU
22 27 17 26 13 25 10 24 32 
21 27 16 26 11 25 7 24 32 
21 27 14 26 8 25 4 24 32 
22 27 17 26 13 25 10 24 32 
21 27 16 26 10 25 6 24 32 
20 27 13 26 6 25 1 24 32 
21 27 16 26 12 25 9 24 32 
21 27 16 26 11 25 7 24 32 
21 27 14 26 8 25 4 24 32 
20 27 14 26 8 25 3 24 32 
21 27 16 26 10 25 6 24 32 
20 27 15 26 10 25 6 24 32 
20 27 13 26 7 25 3 24 32 
20 27 13 26 6 25 1 24 32 
21 27 16 26 13 25 10 24 32 
21 27 16 26 12 25 9 24 32 
20 27 15 26 9 25 5 24 32 
20 27 14 26 8 25 3 24 32 
19 27 12 26 5 25 0 24 32 
21 27 15 26 11 25 8 24 32 
20 27 15 26 11 25 7 24 32 
20 27 13 26 8 25 4 24 32 
20 27 15 26 10 25 6 24 32 
20 27 13 26 7 25 3 24 32 
19 27 13 26 7 25 2 24 32 
22 27 14 26 8 25 4 24 32 
21 27 16 26 13 25 10 24 32 
20 27 15 26 10 25 6 24 32 
21 27 15 26 10 25 7 24 32 
20 27 15 26 9 25 5 24 32 
20 27 12 26 6 25 2 24 32 
19 27 12 26 6 25 1 24 32 
19 27 12 26 5 25 0 24 32 
20 27 14 26 10 25 7 24 32 
20 27 15 26 12 25 9 24 32 
21 27 13 26 7 25 3 24 32 
21 27 15 26 11 25 8 24 32 
20 27 15 26 11 25 7 24 32 
21 27 16 26 13 25 10 24 32 
20 27 13 26 8 25 4 24 32 
20 27 14 26 8 25 4 24 32 
19 27 13 26 8 25 3 24 32 
20 27 14 26 8 25 4 24 32 
19 27 13 26 7 25 2 24 32 
22 27 14 26 8 25 4 24 32 
21 27 15 26 8 25 4 24 32 
19 27 11 26 5 25 1 24 32 
20 27 15 26 10 25 6 24 32 
21 27 15 26 10 25 7 24 32 
21 27 15 26 10 25 6 24 32 
21 27 15 26 10 25 7 24 32 
21 27 16 26 12 25 9 24 32 
22 27 15 26 10 25 7 24 32 
20 27 14 26 7 25 4 24 32 
20 27 14 26 10 25 7 24 32 
19 27 14 26 10 25 6 24 32 
19 27 12 26 7 25 3 24 32 
21 27 16 26 12 25 9 24 32 
20 27 12 26 6 25 2 24 32 
20 27 15 26 11 25 7 24 32 
19 27 12 26 6 25 1 24 32 
20 27 13 26 8 25 4 24 32 
20 27 14 26 10 25 7 24 32 
19 27 13 26 7 25 3 24 32 
21 27 13 26 7 25 3 24 32 
20 27 15 26 12 25 9 24 32 
21 27 13 26 7 25 3 24 32 
20 27 13 26 6 25 1 24 32 
21 27 16 26 13 25 10 24 32 
19 27 14 26 9 25 5 24 32 
20 27 14 26 9 25 6 24 32 
20 27 14 26 8 25 4 24 32 
19 27 13 26 8 25 3 24 32 
20 27 14 26 8 25 4 24 32 
20 27 14 26 8 25 4 24 32 
20 27 14 26 8 25 4 24 32 
20 27 15 26 10 25 6 24 32 
20 27 15 26 10 25 6 24 32 
20 27 13 26 7 25 3 24 32 
20 27 13 26 7 25 4 24 32 
19 27 12 26 5 25 1 24 32 
21 27 12 26 5 25 1 24 32 
19 27 11 26 5 25 1 24 32 
18 27 11 26 5 25 0 24 32 
20 27 15 26 10 25 7 24 32 
20 27 13 26 7 25 3 24 32 
19 27 12 26 6 25 1 24 32 
21 27 15 26 8 25 4 24 32 
19 27 13 26 9 25 6 24 32 
19 27 11 26 5 25 1 24 32 
21 27 15 26 10 25 7 24 32 
21 27 15 26 10 25 6 24 32 
21 27 16 26 12 25 9 24 32 
22 27 15 26 10 25 7 24 32 
20 27 14 26 7 25 4 24 32 
20 27 14 26 7 25 4 24 32 
20 27 14 26 11 25 8 24 32 
20 27 15 26 9 25 5 24 32 
20 27 12 26 6 25 2 24 32 
20 27 14 26 10 25 7 24 32 
SCORES_TXT_END_0
SCORES_TXT_BEGIN_0 26 92 9 BLEU
19 23 16 22 13 21 11 20 26 
19 23 15 22 12 21 10 20 26 
19 23 14 22 10 21 8 20 26 
19 23 15 22 13 21 11 20 26 
19 23 15 22 13 21 11 20 26 
18 23 14 22 10 21 7 20 26 
19 22 16 21 13 20 11 19 26 
20 23 17 22 14 21 12 20 26 
19 23 13 22 9 21 7 20 26 
18 23 12 22 8 21 6 20 26 
19 23 16 22 13 21 11 20 26 
19 23 15 22 13 21 11 20 26 
18 23 14 22 12 21 10 20 26 
18 23 12 22 7 21 5 20 26 
19 23 13 22 8 21 6 20 26 
18 23 14 22 10 21 7 20 26 
18 23 14 22 10 21 7 20 26 
19 23 13 22 10 21 8 20 26 
20 23 16 22 14 21 12 20 26 
20 23 17 22 14 21 12 20 26 
19 23 15 22 12 21 10 20 26 
18 23 13 22 9 21 6 20 26 
19 22 15 21 12 20 10 19 26 
18 23 15 22 13 21 11 20 26 
20 23 16 22 13 21 11 20 26 
18 23 12 22 7 21 4 20 26 
18 23 14 22 10 21 7 20 26 
19 22 14 21 10 20 8 19 26 
18 22 14 21 10 20 7 19 26 
18 23 13 22 9 21 7 20 26 
18 23 14 22 11 21 9 20 26 
20 23 15 22 11 21 9 20 26 
20 23 15 22 11 21 8 20 26 
18 23 13 22 10 21 7 20 26 
21 23 19 22 17 21 16 20 26 
19 22 15 21 13 20 11 19 26 
18 23 15 22 12 21 10 20 26 
18 23 14 22 12 21 10 20 26 
18 23 11 22 6 21 4 20 26 
19 23 12 22 7 21 5 20 26 
18 23 13 22 9 21 6 20 26 
18 23 13 22 9 21 6 20 26 
20 23 16 22 14 21 12 20 26 
19 23 14 22 10 21 8 20 26 
19 23 14 22 10 21 8 20 26 
19 23 13 22 10 21 8 20 26 
18 22 14 21 10 20 7 19 26 
18 23 12 22 9 21 7 20 26 
17 23 11 22 6 21 4 20 26 
19 23 16 22 13 21 11 20 26 
19 23 11 22 5 21 3 20 26 
18 22 14 21 10 20 7 19 26 
18 23 12 22 7 21 5 20 26 
18 23 12 22 7 21 4 20 26 
19 23 13 22 8 21 5 20 26 
18 23 12 22 7 21 4 20 26 
18 23 12 22 8 21 6 20 26 
18 23 14 22 12 21 10 20 26 
19 23 14 22 10 21 8 20 26 
18 23 15 22 13 21 11 20 26 
18 23 11 22 7 21 5 20 26 
20 23 15 22 11 21 8 20 26 
20 23 15 22 11 21 9 20 26 
19 23 15 22 11 21 8 20 26 
19 23 12 22 8 21 6 20 26 
19 23 13 22 9 21 7 20 26 
17 23 12 22 7 21 3 20 26 
18 23 13 22 10 21 7 20 26 
18 23 14 22 10 21 7 20 26 
18 23 11 22 6 21 3 20 26 
18 23 13 22 9 21 6 20 26 
18 23 14 22 11 21 9 20 26 
18 23 13 22 10 21 7 20 26 
19 22 13 21 9 20 7 19 26 
19 22 13 21 8 20 6 19 26 
18 23 13 22 10 21 8 20 26 
18 23 13 22 10 21 8 20 26 
18 23 12 22 8 21 6 20 26 
19 23 16 22 14 21 12 20 26 
18 23 14 22 12 21 10 20 26 
18 23 13 22 10 21 8 20 26 
18 23 14 22 10 21 7 20 26 
20 23 14 22 10 21 8 20 26 
20 23 14 22 10 21 7 20 26 
18 23 13 22 10 21 7 20 26 
17 23 12 22 9 21 6 20 26 
20 23 18 22 16 21 15 20 26 
18 23 12 22 7 21 5 20 26 
18 23 12 22 7 21 4 20 26 
19 22 15 21 13 20 11 19 26 
18 22 14 21 12 20 10 19 26 
18 22 12 21 7 20 5 19 26 
SCORES_TXT_END_0
SCORES_TXT_BEGIN_0 27 99 9 BLEU
16 22 11 21 7 20 5 19 26 
16 22 11 21 7 20 5 19 26 
16 22 10 21 6 20 5 19 26 
15 22 9 21 4 20 2 19 26 
16 22 11 21 7 20 5 19 26 
16 22 10 21 7 20 5 19 26 
16 22 10 21 6 20 5 19 26 
15 22 9 21 4 20 2 19 26 
16 22 11 21 7 20 5 19 26 
15 22 9 21 5 20 3 19 26 
16 22 10 21 7 20 5 19 26 
15 22 8 21 3 20 2 19 26 
15 22 9 21 5 20 3 19 26 
15 22 10 21 6 20 5 19 26 
16 22 10 21 7 20 5 19 26 
15 22 9 21 6 20 5 19 26 
15 22 9 21 4 20 2 19 26 
15 22 9 21 4 20 2 19 26 
16 22 9 21 4 20 2 19 26 
15 22 8 21 4 20 2 19 26 
15 22 8 21 3 20 2 19 26 
15 22 10 21 6 20 5 19 26 
16 22 10 21 6 20 5 19 26 
15 22 10 21 6 20 4 19 26 
15 22 8 21 4 20 3 19 26 
15 22 10 21 7 20 5 19 26 
16 22 10 21 7 20 5 19 26 
15 22 9 21 6 20 5 19 26 
15 22 9 21 4 20 2 19 26 
15 22 9 21 4 20 2 19 26 
15 22 9 21 4 20 2 19 26 
14 22 8 21 4 20 2 19 26 
16 22 9 21 4 20 2 19 26 
16 22 11 21 7 20 5 19 26 
15 22 8 21 4 20 2 19 26 
15 22 10 21 7 20 5 19 26 
16 22 10 21 6 20 5 19 26 
15 22 9 21 5 20 3 19 26 
15 22 10 21 6 20 4 19 26 
15 22 8 21 5 20 3 19 26 
15 22 8 21 4 20 3 19 26 
15 22 9 21 6 20 5 19 26 
15 22 10 21 7 20 5 19 26 
15 22 8 21 3 20 2 19 26 
16 22 11 21 7 20 5 19 26 
15 22 9 21 4 20 2 19 26 
15 22 9 21 5 20 3 19 26 
14 22 8 21 3 20 2 19 26 
16 22 8 21 3 20 2 19 26 
15 22 8 21 4 20 2 19 26 
14 22 8 21 4 20 2 19 26 
14 22 7 21 3 20 2 19 26 
14 22 7 21 1 20 0 19 26 
15 22 9 21 5 20 4 19 26 
16 22 8 21 3 20 1 19 26 
15 22 8 21 5 20 3 19 26 
15 22 10 21 7 20 5 19 26 
14 22 9 21 6 20 5 19 26 
15 22 9 21 6 20 5 19 26 
15 22 10 21 7 20 5 19 26 
15 22 9 21 4 20 2 19 26 
14 22 8 21 3 20 2 19 26 
15 22 8 21 3 20 2 19 26 
15 22 8 21 4 20 2 19 26 
15 22 8 21 3 20 2 19 26 
15 22 9 21 5 20 3 19 26 
14 22 8 21 4 20 2 19 26 
15 22 8 21 3 20 2 19 26 
16 22 9 21 4 20 2 19 26 
14 22 7 21 3 20 2 19 26 
14 22 8 21 4 20 2 19 26 
16 22 8 21 4 20 2 19 26 
16 22 8 21 3 20 2 19 26 
15 22 10 21 6 20 5 19 26 
15 22 9 21 5 20 3 19 26 
15 22 8 21 4 20 2 19 26 
14 22 7 21 3 20 2 19 26 
15 22 10 21 7 20 5 19 26 
14 22 9 21 6 20 5 19 26 
15 22 10 21 6 20 4 19 26 
15 22 9 21 6 20 5 19 26 
14 22 8 21 4 20 3 19 26 
14 22 7 21 1 20 0 19 26 
15 22 9 21 4 20 2 19 26 
15 22 9 21 6 20 4 19 26 
15 22 9 21 5 20 4 19 26 
15 22 8 21 5 20 3 19 26 
16 22 8 21 3 20 1 19 26 
14 22 7 21 4 20 3 19 26 
14 22 7 21 1 20 0 19 26 
14 22 7 21 2 20 0 19 26 
15 22 9 21 6 20 5 19 26 
15 22 9 21 4 20 2 19 26 
16 22 9 21 4 20 2 19 26 
14 22 8 21 4 20 2 19 26 
15 22 8 21 3 20 2 19 26 
16 22 9 21 4 20 2 19 26 
15 22 8 21 4 20 2 19 26 
15 22 9 21 4 20 2 19 26 
SCORES_TXT_END_0
SCORES_TXT_BEGIN_0 28 99 9 BLEU
11 23 6 22 1 21 0 20 17 
9 22 4 21 0 20 0 19 17 
11 23 5 22 0 21 0 20 17 
9 22 3 21 0 20 0 19 17 
11 23 5 22 1 21 0 20 17 
9 22 3 21 0 20 0 19 17 
11 23 5 22 1 21 0 20 17 
11 23 4 22 0 21 0 20 17 
12 23 6 22 1 21 0 20 17 
9 22 3 21 0 20 0 19 17 
11 23 6 22 1 21 0 20 17 
10 23 5 22 1 21 0 20 17 
10 22 5 21 1 20 0 19 17 
8 22 2 21 0 20 0 19 17 
10 22 4 21 0 20 0 19 17 
11 23 4 22 0 21 0 20 17 
12 23 5 22 0 21 0 20 17 
9 22 4 21 0 20 0 19 17 
9 22 3 21 0 20 0 19 17 
11 23 5 22 0 21 0 20 17 
8 22 2 21 0 20 0 19 17 
11 23 5 22 0 21 0 20 17 
10 23 4 22 0 21 0 20 17 
10 22 4 21 0 20 0 19 17 
11 23 5 22 1 21 0 20 17 
10 22 3 21 0 20 0 19 17 
10 23 5 22 1 21 0 20 17 
11 23 5 22 1 21 0 20 17 
11 23 4 22 1 21 0 20 17 
10 23 5 22 1 21 0 20 17 
9 22 3 21 0 20 0 19 17 
8 22 3 21 0 20 0 19 17 
9 22 2 21 0 20 0 19 17 
12 23 5 22 1 21 0 20 17 
11 23 6 22 1 21 0 20 17 
9 22 3 21 0 20 0 19 17 
11 23 4 22 0 21 0 20 17 
9 22 4 21 0 20 0 19 17 
10 23 5 22 1 21 0 20 17 
11 23 5 22 1 21 0 20 17 
10 23 4 22 0 21 0 20 17 
8 22 2 21 0 20 0 19 17 
11 23 5 22 1 21 0 20 17 
8 22 3 21 0 20 0 19 17 
11 23 4 22 0 21 0 20 17 
10 23 4 22 1 21 0 20 17 
10 22 4 21 1 20 0 19 17 
10 22 3 21 0 20 0 19 17 
11 23 5 22 1 21 0 20 17 
12 23 5 22 1 21 0 20 17 
10 23 3 22 0 21 0 20 17 
10 23 4 22 0 21 0 20 17 
9 22 4 21 0 20 0 19 17 
12 23 4 22 0 21 0 20 17 
8 22 3 21 0 20 0 19 17 
9 22 3 21 0 20 0 19 17 
11 23 5 22 0 21 0 20 17 
8 22 3 21 0 20 0 19 17 
8 22 2 21 0 20 0 19 17 
9 22 2 21 0 20 0 19 17 
11 23 5 22 1 21 0 20 17 
10 23 4 22 1 21 0 20 17 
9 22 3 21 0 20 0 19 17 
10 23 4 22 0 21 0 20 17 
10 22 4 21 1 20 0 19 17 
11 23 4 22 0 21 0 20 17 
11 23 4 22 0 21 0 20 17 
10 22 3 21 0 20 0 19 17 
7 22 1 21 0 20 0 19 17 
8 22 2 21 0 20 0 19 17 
10 23 4 22 0 21 0 20 17 
12 23 6 22 1 21 0 20 17 
10 23 3 22 0 21 0 20 17 
11 22 5 21 1 20 0 19 17 
10 22 3 21 0 20 0 19 17 
11 23 4 22 1 21 0 20 17 
9 22 2 21 0 20 0 19 17 
11 23 5 22 1 21 0 20 17 
10 23 4 22 1 21 0 20 17 
11 23 4 22 0 21 0 20 17 
11 23 4 22 1 21 0 20 17 
12 23 4 22 0 21 0 20 17 
9 22 3 21 0 20 0 19 17 
11 23 6 22 1 21 0 20 17 
8 22 3 21 0 20 0 19 17 
9 22 2 21 0 20 0 19 17 
10 23 5 22 1 21 0 20 17 
11 23 7 22 3 21 2 20 17 
8 22 2 21 0 20 0 19 17 
10 23 4 22 1 21 0 20 17 
9 22 3 21 0 20 0 19 17 
10 22 5 21 1 20 0 19 17 
8 22 2 21 0 20 0 19 17 
10 23 4 22 0 21 0 20 17 
9 22 4 21 1 20 0 19 17 
7 22 2 21 0 20 0 19 17 
10 22 4 21 0 20 0 19 17 
11 23 4 22 0 21 0 20 17 
8 22 1 21 0 20 0 19 17 
SCORES_TXT_END_0
SCORES_TXT_BEGIN_0 29 92 9 BLEU
9 22 4 21 0 20 0 19 17 
9 22 3 21 0 20 0 19 17 
8 22 3 21 0 20 0 19 17 
8 22 2 21 0 20 0 19 17 
9 22 3 21 0 20 0 19 17 
9 22 3 21 0 20 0 19 17 
9 22 4 21 0 20 0 19 17 
9 22 3 21 0 20 0 19 17 
9 22 2 21 0 20 0 19 17 
8 22 2 21 0 20 0 19 17 
8 22 3 21 0 20 0 19 17 
9 22 2 21 0 20 0 19 17 
9 22 3 21 0 20 0 19 17 
8 22 3 21 0 20 0 19 17 
9 22 2 21 0 20 0 19 17 
8 22 2 21 0 20 0 19 17 
8 22 1 21 0 20 0 19 17 
8 22 2 21 0 20 0 19 17 
9 22 3 21 0 20 0 19 17 
8 22 2 21 0 20 0 19 17 
9 22 3 21 0 20 0 19 17 
9 22 2 21 0 20 0 19 17 
8 22 1 21 0 20 0 19 17 
9 22 3 21 0 20 0 19 17 
9 22 2 21 0 20 0 19 17 
9 22 3 21 0 20 0 19 17 
8 22 2 21 0 20 0 19 17 
8 22 2 21 0 20 0 19 17 
9 22 2 21 0 20 0 19 17 
9 22 3 21 0 20 0 19 17 
9 22 3 21 0 20 0 19 17 
9 22 2 21 0 20 0 19 17 
8 22 1 21 0 20 0 19 17 
8 22 2 21 0 20 0 19 17 
8 22 2 21 0 20 0 19 17 
8 22 2 21 0 20 0 19 17 
8 22 1 21 0 20 0 19 17 
8 22 1 21 0 20 0 19 17 
8 22 3 21 0 20 0 19 17 
9 22 3 21 0 20 0 19 17 
9 22 4 21 0 20 0 19 17 
8 22 2 21 0 20 0 19 17 
8 22 2 21 0 20 0 19 17 
7 22 1 21 0 20 0 19 17 
8 22 1 21 0 20 0 19 17 
8 22 2 21 0 20 0 19 17 
9 22 2 21 0 20 0 19 17 
7 22 0 21 0 20 0 19 17 
8 22 2 21 0 20 0 19 17 
8 22 2 21 0 20 0 19 17 
8 22 3 21 0 20 0 19 17 
8 22 1 21 0 20 0 19 17 
8 22 3 21 0 20 0 19 17 
7 22 1 21 0 20 0 19 17 
9 22 2 21 0 20 0 19 17 
7 22 0 21 0 20 0 19 17 
7 22 2 21 0 20 0 19 17 
9 22 2 21 0 20 0 19 17 
8 22 2 21 0 20 0 19 17 
9 22 3 21 0 20 0 19 17 
7 22 1 21 0 20 0 19 17 
7 22 1 21 0 20 0 19 17 
8 22 3 21 0 20 0 19 17 
9 22 2 21 0 20 0 19 17 
9 22 2 21 0 20 0 19 17 
9 22 3 21 0 20 0 19 17 
8 22 2 21 0 20 0 19 17 
7 22 1 21 0 20 0 19 17 
8 22 1 21 0 20 0 19 17 
7 22 1 21 0 20 0 19 17 
8 22 2 21 0 20 0 19 17 
7 22 2 21 0 20 0 19 17 
8 22 1 21 0 20 0 19 17 
8 22 2 21 0 20 0 19 17 
8 22 2 21 0 20 0 19 17 
7 22 0 21 0 20 0 19 17 
8 22 1 21 0 20 0 19 17 
8 22 1 21 0 20 0 19 17 
8 22 2 21 0 20 0 19 17 
8 22 2 21 0 20 0 19 17 
7 22 1 21 0 20 0 19 17 
7 22 2 21 0 20 0 19 17 
8 22 2 21 0 20 0 19 17 
9 22 2 21 0 20 0 19 17 
9 22 2 21 0 20 0 19 17 
8 22 1 21 0 20 0 19 17 
9 22 3 21 0 20 0 19 17 
8 22 2 21 0 20 0 19 17 
7 22 1 21 0 20 0 19 17 
8 22 1 21 0 20 0 19 17 
8 22 2 21 0 20 0 19 17 
7 22 1 21 0 20 0 19 17 
SCORES_TXT_END_0
SCORES_TXT_BEGIN_0 30 35 9 BLEU
10 14 7 13 4 12 2 11 16 
11 14 9 13 7 12 5 11 16 
10 14 6 13 3 12 2 11 16 
10 14 7 13 4 12 2 11 16 
9 14 6 13 3 12 2 11 16 
9 14 6 13 4 12 2 11 16 
11 14 7 13 4 12 2 11 16 
10 14 8 13 6 12 4 11 16 
9 14 5 13 2 12 0 11 16 
10 14 5 13 3 12 2 11 16 
9 14 6 13 3 12 2 11 16 
10 14 7 13 5 12 3 11 16 
10 14 7 13 5 12 3 11 16 
9 14 5 13 3 12 2 11 16 
9 14 5 13 3 12 2 11 16 
10 14 6 13 3 12 2 11 16 
9 14 6 13 3 12 2 11 16 
10 14 8 13 6 12 4 11 16 
10 14 5 13 3 12 2 11 16 
10 15 6 14 2 13 0 12 16 
10 15 7 14 4 13 2 12 16 
8 14 5 13 3 12 2 11 16 
9 13 5 12 3 11 2 10 16 
10 14 6 13 4 12 2 11 16 
11 15 8 14 5 13 3 12 16 
9 14 4 13 1 12 0 11 16 
9 14 6 13 4 12 2 11 16 
9 14 5 13 2 12 0 11 16 
9 14 5 13 3 12 2 11 16 
10 15 6 14 3 13 2 12 16 
10 13 6 12 4 11 2 10 16 
9 14 6 13 3 12 2 11 16 
8 14 4 13 1 12 0 11 16 
10 14 5 13 3 12 2 11 16 
8 14 4 13 2 12 0 11 16 
SCORES_TXT_END_0
SCORES_TXT_BEGIN_0 31 45 9 BLEU
8 13 5 12 2 11 0 10 16 
9 13 7 12 5 11 3 10 16 
8 13 4 12 1 11 0 10 16 
8 13 5 12 2 11 0 10 16 
7 13 4 12 1 11 0 10 16 
7 13 4 12 2 11 0 10 16 
9 13 5 12 2 11 0 10 16 
8 13 6 12 4 11 2 10 16 
7 13 3 12 1 11 0 10 16 
8 13 3 12 1 11 0 10 16 
7 13 4 12 1 11 0 10 16 
8 13 5 12 3 11 1 10 16 
8 13 5 12 4 11 3 10 16 
7 13 3 12 1 11 0 10 16 
8 14 5 13 2 12 0 11 16 
7 13 3 12 1 11 0 10 16 
8 13 4 12 1 11 0 10 16 
7 13 4 12 1 11 0 10 16 
8 13 6 12 4 11 2 10 16 
8 13 3 12 1 11 0 10 16 
9 14 7 13 5 12 3 11 16 
8 14 5 13 2 12 0 11 16 
6 13 3 12 1 11 0 10 16 
7 12 3 11 1 10 0 9 16 
8 13 4 12 2 11 0 10 16 
7 13 2 12 0 11 0 10 16 
7 13 4 12 2 11 0 10 16 
7 13 3 12 1 11 0 10 16 
7 13 3 12 1 11 0 10 16 
8 14 4 13 1 12 0 11 16 
8 12 4 11 2 10 0 9 16 
7 13 4 12 1 11 0 10 16 
6 13 2 12 0 11 0 10 16 
8 13 3 12 1 11 0 10 16 
8 14 4 13 1 12 0 11 16 
6 13 2 12 1 11 0 10 16 
8 14 4 13 1 12 0 11 16 
7 13 2 12 1 11 0 10 16 
9 14 6 13 3 12 1 11 16 
8 14 5 13 2 12 0 11 16 
9 14 6 13 3 12 0 11 16 
6 13 3 12 1 11 0 10 16 
8 13 3 12 1 11 0 10 16 
8 13 3 12 1 11 0 10 16 
8 13 3 12 1 11 0 10 16 
SCORES_TXT_END_0
SCORES_TXT_BEGIN_0 32 18 9 BLEU
10 14 6 13 4 12 3 11 16 
11 14 6 13 4 12 3 11 16 
10 14 6 13 4 12 3 11 16 
9 14 5 13 4 12 3 11 16 
9 14 4 13 2 12 1 11 16 
10 15 5 14 2 13 0 12 16 
10 14 5 13 4 12 3 11 16 
10 14 4 13 2 12 1 11 16 
10 14 5 13 3 12 2 11 16 
10 15 5 14 3 13 2 12 16 
10 15 6 14 4 13 3 12 16 
10 15 5 14 3 13 2 12 16 
11 15 5 14 2 13 0 12 16 
10 15 5 14 2 13 1 12 16 
10 14 5 13 2 12 1 11 16 
10 15 5 14 2 13 1 12 16 
9 14 5 13 4 12 3 11 16 
9 14 4 13 2 12 1 11 16 
SCORES_TXT_END_0
SCORES_TXT_BEGIN_0 33 84 9 BLEU
25 28 22 27 19 26 16 25 32 
25 28 20 27 17 26 14 25 32 
24 28 21 27 18 26 15 25 32 
24 28 20 27 16 26 13 25 32 
25 28 20 27 17 26 14 25 32 
24 28 19 27 16 26 14 25 32 
24 28 18 27 14 26 11 25 32 
24 28 18 27 15 26 12 25 32 
25 28 22 27 19 26 16 25 32 
23 28 19 27 15 26 12 25 32 
25 28 20 27 17 26 14 25 32 
24 28 19 27 16 26 13 25 32 
24 28 20 27 16 26 12 25 32 
24 28 20 27 17 26 14 25 32 
24 28 18 27 14 26 12 25 32 
25 27 22 26 19 25 16 24 32 
23 28 17 27 13 26 11 25 32 
26 28 23 27 20 26 17 25 32 
24 28 21 27 18 26 15 25 32 
24 28 20 27 16 26 13 25 32 
23 28 17 27 14 26 12 25 32 
24 28 18 27 14 26 10 25 32 
24 28 18 27 16 26 14 25 32 
23 28 16 27 12 26 10 25 32 
25 27 20 26 17 25 14 24 32 
24 28 21 27 18 26 15 25 32 
24 28 20 27 16 26 13 25 32 
25 28 19 27 15 26 12 25 32 
26 28 23 27 20 26 17 25 32 
26 28 21 27 18 26 15 25 32 
25 28 20 27 17 26 14 25 32 
24 28 19 27 16 26 14 25 32 
24 28 18 27 14 26 11 25 32 
27 28 24 27 21 26 18 25 32 
25 28 20 27 16 26 13 25 32 
24 28 19 27 16 26 14 25 32 
24 28 18 27 14 26 11 25 32 
23 28 19 27 15 26 11 25 32 
23 28 17 27 13 26 11 25 32 
24 27 21 26 18 25 15 24 32 
23 28 18 27 14 26 11 25 32 
24 27 20 26 16 25 13 24 32 
25 28 17 27 13 26 10 25 32 
26 28 21 27 18 26 15 25 32 
25 28 22 27 19 26 16 25 32 
24 28 18 27 15 26 12 25 32 
25 28 21 27 17 26 14 25 32 
24 28 18 27 15 26 12 25 32 
24 28 18 27 15 26 12 25 32 
25 27 20 26 17 25 14 24 32 
27 28 22 27 19 26 16 25 32 
23 28 19 27 15 26 12 25 32 
26 28 21 27 18 26 15 25 32 
25 28 18 27 15 26 13 25 32 
23 28 17 27 13 26 10 25 32 
22 28 15 27 11 26 10 25 32 
24 27 19 26 16 25 14 24 32 
23 28 16 27 13 26 11 25 32 
24 27 18 26 14 25 11 24 32 
23 28 19 27 15 26 12 25 32 
26 28 22 27 19 26 16 25 32 
26 28 21 27 18 26 15 25 32 
25 28 22 27 19 26 16 25 32 
24 28 18 27 14 26 11 25 32 
24 28 19 27 16 26 13 25 32 
24 28 18 27 14 26 12 25 32 
25 28 22 27 19 26 16 25 32 
25 28 21 27 17 26 14 25 32 
25 28 20 27 17 26 15 25 32 
25 28 20 27 15 26 12 25 32 
25 28 19 27 15 26 12 25 32 
23 28 16 27 13 26 10 25 32 
23 28 16 27 14 26 12 25 32 
24 27 18 26 15 25 12 24 32 
24 28 19 27 16 26 13 25 32 
24 28 20 27 16 26 12 25 32 
24 28 20 27 17 26 14 25 32 
24 28 18 27 14 26 12 25 32 
23 28 17 27 13 26 11 25 32 
23 28 17 27 13 26 11 25 32 
26 28 23 27 20 26 17 25 32 
26 28 22 27 18 26 15 25 32 
25 28 17 27 14 26 12 25 32 
24 28 18 27 13 26 10 25 32 
SCORES_TXT_END_0
SCORES_TXT_BEGIN_0 34 28 9 BLEU
17 22 12 21 9 20 6 19 32 
16 22 11 21 8 20 5 19 32 
16 22 11 21 8 20 5 19 32 
17 22 12 21 9 20 6 19 32 
16 22 10 21 7 20 5 19 32 
15 22 10 21 7 20 5 19 32 
17 22 12 21 9 20 6 19 32 
16 22 11 21 8 20 5 19 32 
16 22 11 21 8 20 5 19 32 
17 22 12 21 8 20 5 19 32 
16 22 11 21 8 20 5 19 32 
16 22 11 21 8 20 5 19 32 
15 22 9 21 7 20 5 19 32 
16 22 11 21 8 20 5 19 32 
15 22 10 21 7 20 5 19 32 
16 22 10 21 7 20 5 19 32 
15 22 10 21 7 20 5 19 32 
16 22 11 21 8 20 5 19 32 
16 22 11 21 8 20 5 19 32 
15 22 10 21 7 20 5 19 32 
17 22 12 21 8 20 5 19 32 
17 23 11 22 7 21 3 20 32 
17 23 12 22 9 21 6 20 32 
16 22 10 21 7 20 5 19 32 
15 22 10 21 7 20 5 19 32 
17 23 12 22 9 21 6 20 32 
15 22 10 21 7 20 5 19 32 
17 22 12 21 9 20 6 19 32 
SCORES_TXT_END_0
SCORES_TXT_BEGIN_0 35 20 9 BLEU
13 15 9 14 6 13 3 12 22 
12 15 8 14 5 13 3 12 22 
12 15 7 14 3 13 1 12 22 
12 15 8 14 5 13 3 12 22 
12 15 7 14 5 13 3 12 22 
11 15 6 14 2 13 1 12 22 
12 15 7 14 3 13 1 12 22 
11 15 6 14 2 13 1 12 22 
13 16 9 15 6 14 3 13 22 
13 16 8 15 5 14 3 13 22 
11 15 6 14 2 13 1 12 22 
11 15 5 14 2 13 1 12 22 
13 15 9 14 6 13 3 12 22 
13 16 9 15 6 14 3 13 22 
12 16 8 15 5 14 3 13 22 
11 15 7 14 5 13 3 12 22 
13 16 8 15 5 14 2 13 22 
11 15 6 14 2 13 1 12 22 
13 16 8 15 5 14 2 13 22 
12 16 7 15 3 14 1 13 22 
SCORES_TXT_END_0
SCORES_TXT_BEGIN_0 36 64 9 BLEU
20 22 17 21 15 20 13 19 25 
20 22 16 21 12 20 9 19 25 
19 22 15 21 12 20 10 19 25 
19 22 14 21 9 20 6 19 25 
20 22 15 21 12 20 9 19 25 
19 22 14 21 9 20 5 19 25 
19 22 15 21 12 20 9 19 25 
19 22 14 21 11 20 9 19 25 
19 22 14 21 11 20 8 19 25 
19 22 15 21 12 20 10 19 25 
18 22 13 21 9 20 6 19 25 
18 22 13 21 8 20 5 19 25 
19 22 16 21 14 20 12 19 25 
19 22 14 21 9 20 6 19 25 
18 22 12 21 8 20 5 19 25 
19 22 13 21 9 20 5 19 25 
19 22 15 21 11 20 8 19 25 
18 22 14 21 11 20 9 19 25 
20 22 14 21 10 20 7 19 25 
19 22 15 21 12 20 9 19 25 
18 22 12 21 8 20 4 19 25 
19 22 15 21 13 20 11 19 25 
18 22 13 21 8 20 5 19 25 
19 22 14 21 10 20 7 19 25 
19 22 14 21 11 20 9 19 25 
19 22 14 21 10 20 7 19 25 
19 22 12 21 7 20 4 19 25 
18 22 13 21 9 20 6 19 25 
19 22 14 21 11 20 9 19 25 
19 22 16 21 14 20 12 19 25 
18 22 12 21 8 20 5 19 25 
18 22 13 21 8 20 5 19 25 
19 22 15 21 12 20 9 19 25 
18 22 12 21 7 20 4 19 25 
18 22 13 21 9 20 6 19 25 
20 22 12 21 7 20 3 19 25 
18 22 13 21 8 20 5 19 25 
19 22 15 21 11 20 8 19 25 
19 22 13 21 9 20 5 19 25 
19 22 13 21 11 20 9 19 25 
17 22 11 21 7 20 4 19 25 
19 22 14 21 11 20 9 19 25 
18 22 14 21 11 20 8 19 25 
19 22 13 21 11 20 9 19 25 
19 22 15 21 11 20 7 19 25 
20 23 16 22 13 21 11 20 25 
18 22 12 21 8 20 5 19 25 
18 22 12 21 7 20 3 19 25 
18 22 13 21 10 20 9 19 25 
18 22 12 21 8 20 5 19 25 
19 22 13 21 8 20 5 19 25 
19 22 12 21 8 20 5 19 25 
19 22 14 21 11 20 9 19 25 
20 23 15 22 10 21 7 20 25 
18 22 13 21 10 20 7 19 25 
18 22 14 21 11 20 9 19 25 
17 22 12 21 8 20 5 19 25 
19 22 14 21 11 20 8 19 25 
19 22 14 21 10 20 6 19 25 
17 22 12 21 7 20 5 19 25 
20 23 16 22 13 21 10 20 25 
19 23 14 22 10 21 8 20 25 
20 23 16 22 13 21 11 20 25 
18 22 13 21 10 20 7 19 25 
SCORES_TXT_END_0
SCORES_TXT_BEGIN_0 37 81 9 BLEU
23 27 20 26 17 25 15 24 31 
23 27 18 26 15 25 13 24 31 
23 27 19 26 16 25 14 24 31 
23 27 18 26 14 25 12 24 31 
23 27 17 26 14 25 12 24 31 
24 28 21 27 18 26 16 25 31 
22 27 19 26 17 25 15 24 31 
22 27 16 26 12 25 10 24 31 
23 27 20 26 17 25 15 24 31 
24 28 19 27 15 26 13 25 31 
22 27 17 26 15 25 13 24 31 
22 27 19 26 17 25 15 24 31 
22 27 18 26 14 25 11 24 31 
23 28 19 27 15 26 12 25 31 
23 27 18 26 15 25 13 24 31 
23 26 20 25 17 24 15 23 31 
24 27 21 26 18 25 16 24 31 
23 27 17 26 13 25 11 24 31 
23 27 19 26 16 25 14 24 31 
23 28 20 27 18 26 16 25 31 
22 27 17 26 15 25 13 24 31 
22 27 16 26 12 25 9 24 31 
23 28 17 27 13 26 10 25 31 
24 27 21 26 18 25 16 24 31 
23 26 18 25 15 24 13 23 31 
24 27 19 26 16 25 14 24 31 
24 28 20 27 17 26 15 25 31 
22 27 18 26 16 25 14 24 31 
22 27 15 26 11 25 9 24 31 
25 27 22 26 19 25 17 24 31 
24 28 19 27 15 26 13 25 31 
22 27 17 26 14 25 12 24 31 
23 27 17 26 14 25 12 24 31 
23 28 18 27 15 26 13 25 31 
22 27 19 26 16 25 14 24 31 
23 27 18 26 14 25 12 24 31 
24 27 19 26 16 25 14 24 31 
22 27 19 26 17 25 15 24 31 
24 28 18 27 14 26 12 25 31 
22 27 16 26 14 25 12 24 31 
22 27 18 26 16 25 14 24 31 
25 27 20 26 17 25 15 24 31 
22 27 17 26 13 25 10 24 31 
23 28 17 27 12 26 10 25 31 
23 28 18 27 14 26 11 25 31 
21 27 15 26 12 25 10 24 31 
22 27 17 26 14 25 12 24 31 
22 27 16 26 11 25 9 24 31 
22 27 17 26 14 25 12 24 31 
23 28 17 27 12 26 10 25 31 
24 28 21 27 18 26 16 25 31 
23 26 19 25 16 24 14 23 31 
22 27 19 26 17 25 15 24 31 
23 27 20 26 17 25 15 24 31 
22 27 16 26 12 25 10 24 31 
23 26 18 25 14 24 12 23 31 
24 27 19 26 15 25 12 24 31 
22 27 17 26 15 25 13 24 31 
23 28 19 27 15 26 13 25 31 
23 28 19 27 17 26 15 25 31 
22 27 16 26 14 25 12 24 31 
22 27 15 26 11 25 8 24 31 
23 28 16 27 12 26 9 25 31 
23 28 20 27 18 26 16 25 31 
23 28 19 27 15 26 12 25 31 
23 27 17 26 13 25 11 24 31 
23 28 18 27 15 26 13 25 31 
21 27 17 26 14 25 11 24 31 
24 29 20 28 16 27 13 26 31 
21 27 15 26 12 25 10 24 31 
21 27 14 26 9 25 7 24 31 
22 28 18 27 15 26 12 25 31 
22 28 15 27 10 26 8 25 31 
24 28 19 27 15 26 13 25 31 
24 27 20 26 17 25 15 24 31 
23 26 17 25 14 24 12 23 31 
22 27 17 26 15 25 13 24 31 
23 27 18 26 15 25 13 24 31 
24 27 21 26 18 25 16 24 31 
22 27 19 26 17 25 15 24 31 
22 27 18 26 14 25 11 24 31 
SCORES_TXT_END_0
SCORES_TXT_BEGIN_0 38 39 9 BLEU
21 26 16 25 12 24 9 23 31 
21 26 16 25 12 24 9 23 31 
20 26 14 25 10 24 7 23 31 
20 26 14 25 10 24 7 23 31 
21 26 16 25 12 24 9 23 31 
21 26 15 25 11 24 8 23 31 
21 26 16 25 12 24 9 23 31 
20 26 14 25 10 24 7 23 31 
21 26 15 25 11 24 8 23 31 
20 26 13 25 9 24 6 23 31 
20 26 14 25 10 24 7 23 31 
20 26 13 25 9 24 6 23 31 
21 27 15 26 11 25 9 24 31 
20 26 15 25 11 24 8 23 31 
21 26 16 25 12 24 9 23 31 
20 26 15 25 11 24 8 23 31 
21 26 15 25 11 24 8 23 31 
21 27 15 26 11 25 9 24 31 
20 27 13 26 9 25 7 24 31 
19 26 13 25 9 24 6 23 31 
21 26 16 25 12 24 9 23 31 
20 26 15 25 11 24 9 23 31 
20 26 14 25 10 24 7 23 31 
19 26 13 25 9 24 6 23 31 
21 26 15 25 11 24 8 23 31 
20 26 13 25 9 24 6 23 31 
20 27 13 26 9 25 7 24 31 
20 26 14 25 10 24 7 23 31 
20 26 15 25 11 24 9 23 31 
19 26 13 25 9 24 7 23 31 
21 27 15 26 11 25 9 24 31 
21 27 14 26 10 25 8 24 31 
20 26 13 25 9 24 6 23 31 
21 27 15 26 11 25 9 24 31 
21 27 16 26 12 25 9 24 31 
19 26 13 25 9 24 7 23 31 
20 26 15 25 11 24 8 23 31 
21 27 15 26 10 25 7 24 31 
20 27 13 26 9 25 7 24 31 
SCORES_TXT_END_0
SCORES_TXT_BEGIN_0 39 100 9 BLEU
20 22 15 21 11 20 8 19 25 
19 22 13 21 10 20 8 19 25 
20 22 18 21 16 20 14 19 25 
19 22 12 21 7 20 4 19 25 
19 22 16 21 14 20 12 19 25 
18 22 10 21 6 20 4 19 25 
20 22 15 21 12 20 10 19 25 
20 22 17 21 13 20 10 19 25 
19 22 13 21 8 20 4 19 25 
19 22 13 21 8 20 5 19 25 
19 22 13 21 10 20 8 19 25 
19 22 15 21 11 20 8 19 25 
18 22 11 21 7 20 4 19 25 
19 22 14 21 9 20 6 19 25 
20 22 16 21 13 20 10 19 25 
18 22 11 21 7 20 5 19 25 
19 22 16 21 13 20 11 19 25 
19 22 13 21 10 20 8 19 25 
19 22 14 21 10 20 7 19 25 
19 22 13 21 8 20 5 19 25 
18 22 12 21 7 20 4 19 25 
19 22 14 21 11 20 8 19 25 
19 22 16 21 13 20 10 19 25 
19 22 15 21 10 20 6 19 25 
18 22 14 21 11 20 9 19 25 
19 22 15 21 10 20 7 19 25 
19 22 14 21 10 20 7 19 25 
18 22 12 21 9 20 7 19 25 
19 22 14 21 9 20 5 19 25 
18 22 11 21 7 20 5 19 25 
19 22 16 21 14 20 12 19 25 
18 22 10 21 6 20 4 19 25 
18 22 11 21 6 20 3 19 25 
20 22 15 21 11 20 8 19 25 
19 22 16 21 13 20 11 19 25 
18 22 10 21 4 20 1 19 25 
18 22 14 21 11 20 8 19 25 
19 22 13 21 9 20 6 19 25 
18 22 13 21 8 20 4 19 25 
19 22 15 21 12 20 9 19 25 
18 22 13 21 8 20 5 19 25 
18 22 12 21 7 20 4 19 25 
19 22 13 21 8 20 5 19 25 
18 22 12 21 9 20 7 19 25 
19 22 17 21 15 20 13 19 25 
18 22 11 21 6 20 4 19 25 
18 22 12 21 8 20 5 19 25 
19 22 13 21 9 20 6 19 25 
17 22 9 21 5 20 3 19 25 
19 22 13 21 8 20 5 19 25 
20 22 17 21 14 20 11 19 25 
18 22 14 21 11 20 9 19 25 
17 22 8 21 3 20 1 19 25 
19 22 13 21 10 20 8 19 25 
19 22 12 21 7 20 4 19 25 
19 22 15 21 11 20 8 19 25 
19 22 13 21 9 20 7 19 25 
19 22 15 21 10 20 7 19 25 
18 22 11 21 7 20 4 19 25 
18 22 12 21 7 20 3 19 25 
18 22 11 21 5 20 1 19 25 
20 22 15 21 11 20 8 19 25 
19 22 11 21 7 20 5 19 25 
18 22 12 21 7 20 4 19 25 
18 22 11 21 5 20 2 19 25 
18 22 11 21 7 20 4 19 25 
18 22 13 21 10 20 7 19 25 
17 22 10 21 6 20 4 19 25 
18 22 11 21 7 20 5 19 25 
19 22 14 21 10 20 6 19 25 
19 22 15 21 12 20 10 19 25 
19 22 16 21 13 20 11 19 25 
18 22 12 21 8 20 5 19 25 
18 22 15 21 13 20 11 19 25 
18 22 12 21 7 20 4 19 25 
17 22 9 21 5 20 4 19 25 
18 22 14 21 10 20 7 19 25 
19 22 14 21 11 20 10 19 25 
19 22 16 21 12 20 9 19 25 
19 22 14 21 10 20 7 19 25 
18 22 11 21 8 20 6 19 25 
18 22 12 21 7 20 4 19 25 
18 22 11 21 7 20 5 19 25 
19 22 15 21 12 20 9 19 25 
19 22 16 21 13 20 10 19 25 
19 22 16 21 13 20 11 19 25 
18 22 10 21 5 20 2 19 25 
18 22 10 21 4 20 1 19 25 
18 22 11 21 7 20 5 19 25 
19 22 15 21 11 20 7 19 25 
18 22 12 21 7 20 4 19 25 
18 22 13 21 8 20 5 19 25 
17 22 10 21 6 20 3 19 25 
18 22 12 21 7 20 4 19 25 
17 22 9 21 4 20 1 19 25 
18 22 12 21 6 20 3 19 25 
19 22 13 21 9 20 6 19 25 
19 22 14 21 11 20 8 19 25 
20 22 16 21 13 20 11 19 25 
19 22 13 21 8 20 4 19 25 
SCORES_TXT_END_0
SCORES_TXT_BEGIN_0 40 35 9 BLEU
14 16 12 15 10 14 8 13 19 
14 16 10 15 8 14 7 13 19 
13 16 10 15 7 14 5 13 19 
13 16 11 15 9 14 7 13 19 
13 16 8 15 5 14 4 13 19 
13 16 11 15 9 14 7 13 19 
13 16 10 15 7 14 5 13 19 
13 16 9 15 7 14 6 13 19 
12 16 9 15 6 14 4 13 19 
14 17 11 16 8 15 5 14 19 
13 16 9 15 7 14 6 13 19 
14 17 12 16 10 15 8 14 19 
13 16 9 15 6 14 4 13 19 
14 16 9 15 6 14 3 13 19 
13 16 8 15 5 14 4 13 19 
12 16 7 15 4 14 3 13 19 
14 17 11 16 9 15 7 14 19 
14 17 12 16 10 15 8 14 19 
12 16 9 15 6 14 4 13 19 
14 17 11 16 8 15 5 14 19 
14 17 11 16 8 15 6 14 19 
14 17 11 16 8 15 5 14 19 
14 17 11 16 8 15 5 14 19 
14 17 11 16 9 15 7 14 19 
14 17 9 16 6 15 4 14 19 
14 17 11 16 8 15 5 14 19 
14 16 9 15 5 14 2 13 19 
14 17 11 16 8 15 7 14 19 
13 17 9 16 5 15 2 14 19 
14 17 10 16 8 15 7 14 19 
13 16 7 15 4 14 3 13 19 
13 17 10 16 7 15 5 14 19 
14 16 7 15 4 14 2 13 19 
14 17 11 16 8 15 6 14 19 
13 17 10 16 7 15 4 14 19 
SCORES_TXT_END_0
SCORES_TXT_BEGIN_0 41 4 9 BLEU
9 11 7 10 5 9 4 8 14 
8 11 6 10 5 9 4 8 14 
8 11 6 10 5 9 4 8 14 
9 12 6 11 3 10 2 9 14 
SCORES_TXT_END_0
SCORES_TXT_BEGIN_0 42 15 9 BLEU
14 17 11 16 8 15 6 14 22 
14 17 11 16 8 15 6 14 22 
14 17 9 16 6 15 4 14 22 
16 19 14 18 12 17 10 16 22 
14 17 11 16 8 15 6 14 22 
14 17 9 16 6 15 4 14 22 
13 17 9 16 6 15 4 14 22 
16 19 14 18 12 17 10 16 22 
16 19 12 18 10 17 8 16 22 
13 17 9 16 6 15 4 14 22 
14 18 10 17 6 16 3 15 22 
13 17 9 16 6 15 4 14 22 
16 19 14 18 12 17 10 16 22 
16 19 12 18 10 17 8 16 22 
13 17 9 16 6 15 4 14 22 
SCORES_TXT_END_0
SCORES_TXT_BEGIN_0 43 90 9 BLEU
13 15 10 14 8 13 6 12 18 
12 15 8 14 6 13 4 12 18 
13 15 9 14 5 13 3 12 18 
12 14 9 13 7 12 5 11 18 
12 15 7 14 3 13 1 12 18 
11 14 7 13 5 12 3 11 18 
13 15 8 14 5 13 3 12 18 
12 15 8 14 6 13 4 12 18 
12 15 9 14 7 13 5 12 18 
12 14 8 13 4 12 2 11 18 
12 14 7 13 4 12 3 11 18 
12 15 7 14 5 13 3 12 18 
11 15 7 14 5 13 3 12 18 
11 14 6 13 2 12 0 11 18 
12 15 9 14 7 13 5 12 18 
12 15 7 14 2 13 0 12 18 
12 15 9 14 7 13 5 12 18 
12 15 9 14 7 13 5 12 18 
12 15 8 14 6 13 4 12 18 
12 15 7 14 3 13 1 12 18 
11 15 7 14 5 13 3 12 18 
11 14 7 13 5 12 3 11 18 
12 15 8 14 4 13 2 12 18 
12 15 7 14 5 13 3 12 18 
11 15 6 14 4 13 2 12 18 
11 14 6 13 4 12 3 11 18 
13 15 8 14 5 13 3 12 18 
13 15 10 14 7 13 4 12 18 
11 14 6 13 1 12 0 11 18 
12 15 8 14 6 13 4 12 18 
11 15 6 14 2 13 0 12 18 
11 15 6 14 2 13 0 12 18 
12 15 9 14 7 13 5 12 18 
12 15 8 14 4 13 3 12 18 
12 15 7 14 5 13 3 12 18 
11 14 8 13 6 12 4 11 18 
12 15 7 14 4 13 3 12 18 
12 15 8 14 4 13 2 12 18 
11 14 8 13 6 12 4 11 18 
12 15 6 14 3 13 1 12 18 
12 15 8 14 4 13 3 12 18 
11 14 8 13 6 12 4 11 18 
12 15 8 14 5 13 2 12 18 
11 14 7 13 5 12 3 11 18 
12 15 7 14 5 13 2 12 18 
12 15 7 14 5 13 3 12 18 
12 15 7 14 5 13 3 12 18 
11 15 7 14 5 13 3 12 18 
12 15 7 14 5 13 3 12 18 
11 15 6 14 2 13 1 12 18 
11 14 6 13 2 12 0 11 18 
10 14 6 13 4 12 2 11 18 
12 15 7 14 4 13 2 12 18 
12 15 6 14 2 13 1 12 18 
12 15 7 14 5 13 3 12 18 
11 14 6 13 4 12 2 11 18 
11 15 8 14 6 13 4 12 18 
10 14 5 13 1 12 0 11 18 
10 14 5 13 3 12 1 11 18 
12 15 7 14 4 13 2 12 18 
13 15 8 14 5 13 3 12 18 
11 15 5 14 3 13 1 12 18 
12 14 7 13 4 12 2 11 18 
13 15 9 14 5 13 3 12 18 
12 15 6 14 3 13 1 12 18 
12 14 9 13 6 12 3 11 18 
11 14 7 13 5 12 3 11 18 
11 15 7 14 5 13 3 12 18 
11 15 6 14 4 13 3 12 18 
13 16 9 15 6 14 4 13 18 
12 15 8 14 4 13 2 12 18 
11 15 8 14 6 13 4 12 18 
12 15 6 14 2 13 0 12 18 
11 14 7 13 3 12 2 11 18 
11 14 6 13 4 12 3 11 18 
12 15 7 14 5 13 3 12 18 
11 15 6 14 1 13 0 12 18 
11 15 8 14 6 13 4 12 18 
11 14 7 13 3 12 1 11 18 
11 15 6 14 4 13 2 12 18 
13 16 9 15 6 14 3 13 18 
11 14 6 13 4 12 3 11 18 
13 16 9 15 6 14 4 13 18 
11 15 8 14 6 13 4 12 18 
11 14 5 13 2 12 0 11 18 
11 14 7 13 3 12 2 11 18 
12 15 7 14 3 13 1 12 18 
11 14 7 13 4 12 1 11 18 
11 15 7 14 5 13 3 12 18 
13 15 6 14 2 13 0 12 18 
SCORES_TXT_END_0
