SCORES_TXT_BEGIN_0 0 4 9 BLEU
6 9 4 8 2 7 1 6 12 
6 9 4 8 2 7 1 6 12 
6 9 4 8 2 7 1 6 12 
6 10 3 9 2 8 1 7 12 
SCORES_TXT_END_0
SCORES_TXT_BEGIN_0 1 80 9 BLEU
38 38 37 37 36 36 35 35 38 
38 39 36 38 34 37 32 36 38 
37 38 35 37 33 36 31 35 38 
38 40 35 39 32 38 29 37 38 
38 39 36 38 34 37 33 36 38 
38 39 36 38 34 37 32 36 38 
34 36 33 35 32 34 31 33 38 
38 39 36 38 34 37 32 36 38 
38 39 37 38 35 37 33 36 38 
37 40 33 39 29 38 25 37 38 
38 40 35 39 32 38 30 37 38 
34 37 32 36 30 35 28 34 38 
38 39 37 38 35 37 33 36 38 
38 40 35 39 32 38 29 37 38 
38 41 34 40 30 39 26 38 38 
34 36 33 35 32 34 31 33 38 
37 38 35 37 33 36 31 35 38 
35 37 32 36 30 35 28 34 38 
35 37 32 36 30 35 29 34 38 
38 40 35 39 32 38 29 37 38 
38 40 36 39 33 38 30 37 38 
38 40 37 39 34 38 31 37 38 
38 41 35 40 31 39 28 38 38 
35 38 31 37 28 36 26 35 38 
38 41 34 40 30 39 27 38 38 
38 40 36 39 33 38 30 37 38 
35 38 31 37 28 36 25 35 38 
38 39 36 38 34 37 32 36 38 
38 41 34 40 30 39 26 38 38 
37 38 35 37 34 36 33 35 38 
35 37 32 36 30 35 28 34 38 
35 37 32 36 30 35 29 34 38 
37 39 34 38 32 37 30 36 38 
37 39 34 38 32 37 28 36 38 
37 38 35 37 33 36 31 35 38 
35 38 31 37 28 36 26 35 38 
35 36 33 35 32 34 31 33 38 
37 37 35 36 33 35 31 34 38 
38 40 35 39 32 38 30 37 38 
38 41 35 40 31 39 27 38 38 
37 39 35 38 31 37 28 36 38 
38 39 36 38 34 37 32 36 38 
38 41 35 40 31 39 27 38 38 
38 40 35 39 32 38 29 37 38 
37 40 33 39 30 38 27 37 38 
34 37 32 36 30 35 29 34 38 
38 40 35 39 32 38 30 37 38 
37 39 34 38 32 37 30 36 38 
38 40 37 39 34 38 31 37 38 
35 38 31 37 28 36 26 35 38 
34 37 32 36 30 35 28 34 38 
38 40 36 39 33 38 31 37 38 
38 40 36 39 33 38 31 37 38 
38 40 35 39 32 38 29 37 38 
37 40 33 39 30 38 27 37 38 
37 39 34 38 31 37 28 36 38 
38 40 36 39 33 38 30 37 38 
38 40 36 39 33 38 31 37 38 
36 37 32 36 30 35 29 34 38 
36 37 32 36 30 35 28 34 38 
38 38 34 37 31 36 29 35 38 
38 38 34 37 31 36 28 35 38 
38 40 36 39 33 38 30 37 38 
38 41 34 40 30 39 27 38 38 
34 37 32 36 30 35 28 34 38 
38 41 34 40 30 39 27 38 38 
34 37 32 36 30 35 28 34 38 
38 40 36 39 33 38 30 37 38 
34 37 32 36 30 35 29 34 38 
38 39 36 38 34 37 32 36 38 
34 37 33 36 31 35 29 34 38 
38 39 36 38 34 37 32 36 38 
34 36 33 35 32 34 31 33 38 
38 40 35 39 32 38 29 37 38 
38 40 36 39 33 38 30 37 38 
35 37 33 36 31 35 29 34 38 
38 41 34 40 30 39 26 38 38 
37 39 35 38 31 37 29 36 38 
35 38 31 37 28 36 26 35 38 
35 38 31 37 28 36 27 35 38 
SCORES_TXT_END_0
SCORES_TXT_BEGIN_0 2 100 9 BLEU
28 35 25 34 23 33 21 32 33 
29 36 24 35 22 34 20 33 33 
28 36 24 35 21 34 19 33 33 
28 36 24 35 21 34 18 33 33 
28 36 24 35 21 34 19 33 33 
28 36 25 35 22 34 19 33 33 
28 36 25 35 23 34 21 33 33 
29 37 23 36 20 35 18 34 33 
29 36 25 35 22 34 19 33 33 
29 37 23 36 20 35 17 34 33 
28 35 25 34 23 33 21 32 33 
29 37 24 36 21 35 18 34 33 
29 37 24 36 22 35 20 34 33 
29 37 24 36 21 35 18 34 33 
29 36 24 35 21 34 18 33 33 
28 35 23 34 21 33 19 32 33 
29 36 24 35 22 34 20 33 33 
28 35 24 34 20 33 17 32 33 
28 37 23 36 19 35 16 34 33 
29 37 23 36 20 35 17 34 33 
28 37 23 36 19 35 17 34 33 
29 36 22 35 20 34 18 33 33 
28 37 24 36 20 35 17 34 33 
28 37 24 36 21 35 19 34 33 
28 37 23 36 19 35 16 34 33 
29 36 23 35 19 34 16 33 33 
29 37 24 36 20 35 17 34 33 
28 37 24 36 20 35 16 34 33 
28 37 24 36 21 35 18 34 33 
29 38 22 37 18 36 15 35 33 
29 37 24 36 20 35 16 34 33 
28 36 24 35 21 34 18 33 33 
28 37 24 36 20 35 17 34 33 
28 37 24 36 21 35 19 34 33 
28 36 24 35 21 34 19 33 33 
28 36 24 35 21 34 18 33 33 
29 37 24 36 20 35 17 34 33 
28 37 25 36 22 35 19 34 33 
28 36 24 35 21 34 18 33 33 
29 38 23 37 19 36 16 35 33 
29 38 23 37 20 36 18 35 33 
29 37 25 36 21 35 17 34 33 
29 37 25 36 22 35 19 34 33 
28 35 25 34 23 33 21 32 33 
29 38 23 37 19 36 16 35 33 
29 37 23 36 19 35 16 34 33 
29 38 23 37 19 36 15 35 33 
29 38 23 37 20 36 17 35 33 
28 36 24 35 21 34 19 33 33 
28 36 25 35 23 34 21 33 33 
29 38 23 37 19 36 15 35 33 
29 37 23 36 20 35 17 34 33 
29 37 23 36 19 35 15 34 33 
28 36 25 35 22 34 19 33 33 
28 35 23 34 20 33 17 32 33 
29 37 23 36 20 35 18 34 33 
28 36 23 35 18 34 15 33 33 
29 36 25 35 22 34 19 33 33 
29 37 23 36 20 35 17 34 33 
28 36 22 35 19 34 16 33 33 
29 36 23 35 21 34 19 33 33 
29 38 24 37 21 36 18 35 33 
29 37 23 36 19 35 16 34 33 
29 37 23 36 20 35 17 34 33 
28 36 23 35 18 34 14 33 33 
29 38 24 37 20 36 16 35 33 
29 38 24 37 21 36 18 35 33 
29 37 24 36 20 35 16 34 33 
29 37 24 36 21 35 18 34 33 
28 36 22 35 19 34 17 33 33 
29 36 24 35 22 34 20 33 33 
29 38 22 37 18 36 15 35 33 
29 35 23 34 21 33 19 32 33 
29 37 24 36 20 35 16 34 33 
28 36 23 35 20 34 17 33 33 
28 36 23 35 21 34 19 33 33 
28 36 23 35 18 34 15 33 33 
29 37 24 36 22 35 20 34 33 
29 36 23 35 20 34 17 33 33 
29 38 22 37 18 36 14 35 33 
28 35 25 34 23 33 21 32 33 
29 37 24 36 21 35 18 34 33 
28 36 24 35 20 34 17 33 33 
28 35 23 34 21 33 19 32 33 
28 38 22 37 17 36 14 35 33 
29 36 22 35 19 34 16 33 33 
29 37 22 36 17 35 14 34 33 
29 37 24 36 21 35 18 34 33 
29 36 24 35 19 34 15 33 33 
29 37 21 36 18 35 15 34 33 
28 35 24 34 22 33 20 32 33 
29 36 24 35 21 34 18 33 33 
29 36 24 35 21 34 18 33 33 
28 38 23 37 18 36 14 35 33 
28 38 23 37 19 36 16 35 33 
28 35 24 34 20 33 17 32 33 
29 37 22 36 17 35 13 34 33 
27 35 23 34 21 33 19 32 33 
29 38 23 37 18 36 14 35 33 
28 37 23 36 19 35 16 34 33 
SCORES_TXT_END_0
SCORES_TXT_BEGIN_0 3 86 9 BLEU
37 38 35 37 33 36 32 35 38 
37 39 34 38 31 37 29 36 38 
37 39 34 38 31 37 29 36 38 
34 37 32 36 30 35 28 34 38 
37 40 33 39 29 38 26 37 38 
37 40 33 39 29 38 27 37 38 
37 40 33 39 29 38 26 37 38 
37 39 34 38 31 37 30 36 38 
37 41 32 40 27 39 24 38 38 
38 38 37 37 36 36 35 35 38 
37 39 34 38 31 37 29 36 38 
34 36 33 35 32 34 31 33 38 
37 40 33 39 29 38 27 37 38 
37 39 35 38 32 37 30 36 38 
35 37 32 36 30 35 28 34 38 
37 40 33 39 29 38 27 37 38 
36 38 31 37 29 36 27 35 38 
37 39 35 38 32 37 30 36 38 
38 39 36 38 34 37 32 36 38 
37 40 33 39 29 38 26 37 38 
35 36 33 35 31 34 30 33 38 
34 37 32 36 30 35 28 34 38 
34 36 33 35 32 34 31 33 38 
38 39 36 38 34 37 32 36 38 
36 39 32 38 28 37 26 36 38 
37 40 33 39 29 38 26 37 38 
36 39 32 38 28 37 25 36 38 
35 37 32 36 30 35 28 34 38 
35 37 32 36 30 35 29 34 38 
36 38 33 37 30 36 28 35 38 
37 40 34 39 30 38 27 37 38 
35 38 31 37 28 36 26 35 38 
37 41 32 40 27 39 24 38 38 
37 41 32 40 27 39 25 38 38 
37 40 34 39 30 38 27 37 38 
35 37 32 36 29 35 27 34 38 
37 40 34 39 30 38 27 37 38 
35 39 30 38 26 37 24 36 38 
38 39 36 38 34 37 32 36 38 
37 40 33 39 29 38 26 37 38 
34 37 32 36 30 35 28 34 38 
37 41 32 40 27 39 24 38 38 
37 40 34 39 30 38 27 37 38 
36 38 31 37 28 36 26 35 38 
38 40 35 39 32 38 29 37 38 
38 40 35 39 32 38 30 37 38 
37 41 32 40 27 39 23 38 38 
37 41 32 40 27 39 24 38 38 
36 37 32 36 29 35 27 34 38 
36 37 32 36 30 35 29 34 38 
37 39 34 38 31 37 29 36 38 
35 38 31 37 28 36 27 35 38 
35 38 31 37 28 36 25 35 38 
35 37 32 36 30 35 29 34 38 
35 37 32 36 30 35 28 34 38 
36 38 33 37 30 36 28 35 38 
38 40 35 39 32 38 29 37 38 
37 41 32 40 27 39 23 38 38 
36 39 32 38 28 37 25 36 38 
36 38 33 37 31 36 30 35 38 
35 38 31 37 28 36 26 35 38 
36 37 32 36 31 35 30 34 38 
35 36 33 35 32 34 31 33 38 
36 39 32 38 29 37 27 36 38 
36 39 32 38 29 37 25 36 38 
36 38 33 37 30 36 28 35 38 
37 41 33 40 28 39 25 38 38 
37 41 33 40 28 39 24 38 38 
36 39 32 38 29 37 27 36 38 
37 42 31 41 25 40 21 39 38 
36 37 34 36 32 35 31 34 38 
37 42 31 41 25 40 22 39 38 
37 41 33 40 28 39 24 38 38 
37 41 33 40 28 39 25 38 38 
36 38 31 37 28 36 27 35 38 
36 38 31 37 27 36 24 35 38 
38 39 36 38 34 37 33 36 38 
37 40 33 39 29 38 26 37 38 
37 40 33 39 29 38 27 37 38 
37 41 33 40 28 39 24 38 38 
38 41 34 40 30 39 27 38 38 
35 38 31 37 28 36 27 35 38 
35 38 31 37 28 36 25 35 38 
34 37 32 36 30 35 29 34 38 
37 39 34 38 31 37 29 36 38 
37 41 33 40 28 39 24 38 38 
SCORES_TXT_END_0
SCORES_TXT_BEGIN_0 4 100 9 BLEU
38 38 37 37 36 36 35 35 38 
38 39 36 38 34 37 32 36 38 
38 39 36 38 34 37 33 36 38 
38 39 36 38 34 37 32 36 38 
38 40 35 39 32 38 31 37 38 
38 40 35 39 32 38 29 37 38 
38 40 35 39 32 38 30 37 38 
34 36 32 35 30 34 28 33 38 
34 37 32 36 30 35 28 34 38 
38 39 36 38 34 37 32 36 38 
37 38 35 37 33 36 31 35 38 
38 41 34 40 30 39 28 38 38 
37 38 36 37 35 36 34 35 38 
38 39 36 38 34 37 32 36 38 
38 39 36 38 35 37 34 36 38 
38 39 36 38 34 37 32 36 38 
38 40 35 39 32 38 29 37 38 
35 37 31 36 28 35 27 34 38 
35 37 31 36 28 35 25 34 38 
38 39 37 38 35 37 33 36 38 
35 38 31 37 28 36 27 35 38 
35 38 31 37 28 36 25 35 38 
37 39 35 38 33 37 31 36 38 
38 40 35 39 32 38 30 37 38 
38 40 35 39 32 38 29 37 38 
38 40 35 39 32 38 29 37 38 
37 39 34 38 32 37 31 36 38 
37 39 34 38 32 37 28 36 38 
38 39 37 38 35 37 33 36 38 
38 40 35 39 33 38 31 37 38 
37 39 35 38 33 37 32 36 38 
37 39 35 38 33 37 31 36 38 
38 40 35 39 32 38 30 37 38 
38 40 35 39 32 38 29 37 38 
38 40 35 39 32 38 29 37 38 
38 40 35 39 33 38 31 37 38 
35 36 33 35 31 34 29 33 38 
38 40 36 39 33 38 30 37 38 
35 37 33 36 31 35 29 34 38 
38 40 35 39 32 38 30 37 38 
38 41 34 40 30 39 26 38 38 
38 41 34 40 30 39 28 38 38 
38 40 36 39 33 38 30 37 38 
35 38 30 37 26 36 24 35 38 
38 40 36 39 33 38 30 37 38 
38 40 36 39 33 38 31 37 38 
34 36 32 35 30 34 28 33 38 
37 37 35 36 33 35 31 34 38 
35 39 30 38 26 37 24 36 38 
37 40 34 39 31 38 28 37 38 
37 40 34 39 31 38 30 37 38 
38 41 34 40 30 39 27 38 38 
34 37 32 36 30 35 28 34 38 
38 41 34 40 30 39 28 38 38 
38 41 34 40 30 39 26 38 38 
37 40 33 39 30 38 28 37 38 
38 40 36 39 33 38 31 37 38 
38 40 36 39 33 38 30 37 38 
38 39 36 38 34 37 32 36 38 
38 41 34 40 31 39 28 38 38 
37 40 34 39 31 38 29 37 38 
38 41 34 40 30 39 27 38 38 
38 41 34 40 30 39 28 38 38 
34 37 31 36 28 35 25 34 38 
37 37 33 36 32 35 31 34 38 
37 38 35 37 33 36 31 35 38 
34 38 31 37 28 36 25 35 38 
36 37 32 36 29 35 28 34 38 
36 37 32 36 29 35 26 34 38 
37 38 35 37 33 36 31 35 38 
38 41 35 40 31 39 29 38 38 
38 41 35 40 31 39 27 38 38 
37 39 34 38 31 37 28 36 38 
36 38 32 37 29 36 28 35 38 
36 38 32 37 29 36 26 35 38 
38 39 34 38 33 37 32 36 38 
33 36 31 35 29 34 27 33 38 
34 37 31 36 28 35 25 34 38 
38 42 33 41 28 40 25 39 38 
38 41 35 40 31 39 29 38 38 
38 41 35 40 31 39 27 38 38 
33 37 31 36 29 35 27 34 38 
34 38 31 37 28 36 25 35 38 
38 40 35 39 32 38 29 37 38 
37 39 35 38 33 37 31 36 38 
38 40 35 39 32 38 29 37 38 
38 41 35 40 31 39 28 38 38 
36 38 34 37 32 36 30 35 38 
37 39 34 38 31 37 28 36 38 
34 37 31 36 29 35 27 34 38 
35 37 31 36 28 35 27 34 38 
35 37 31 36 28 35 25 34 38 
38 38 34 37 31 36 30 35 38 
38 38 34 37 31 36 28 35 38 
34 38 31 37 29 36 27 35 38 
37 41 33 40 29 39 27 38 38 
35 38 31 37 28 36 25 35 38 
35 38 31 37 28 36 27 35 38 
38 42 33 41 28 40 25 39 38 
38 41 35 40 31 39 28 38 38 
SCORES_TXT_END_0
SCORES_TXT_BEGIN_0 5 60 9 BLEU
28 30 26 29 24 28 22 27 33 
28 31 25 30 22 29 20 28 33 
28 31 25 30 22 29 19 28 33 
28 31 26 30 23 29 20 28 33 
29 31 26 30 23 29 20 28 33 
29 31 25 30 22 29 19 28 33 
27 30 24 29 22 28 20 27 33 
27 30 24 29 21 28 18 27 33 
28 32 24 31 20 30 17 29 33 
28 31 25 30 23 29 21 28 33 
28 32 25 31 21 30 18 29 33 
29 32 25 31 21 30 18 29 33 
28 32 25 31 21 30 17 29 33 
29 32 25 31 21 30 17 29 33 
28 31 25 30 22 29 19 28 33 
28 31 25 30 22 29 19 28 33 
29 32 26 31 22 30 18 29 33 
29 32 24 31 20 30 17 29 33 
29 32 24 31 20 30 16 29 33 
27 30 24 29 21 28 18 27 33 
27 31 24 30 19 29 16 28 33 
27 31 23 30 20 29 17 28 33 
27 31 24 30 19 29 15 28 33 
29 32 25 31 21 30 17 29 33 
27 30 24 29 22 28 20 27 33 
29 32 25 31 21 30 17 29 33 
27 31 24 30 21 29 18 28 33 
28 31 24 30 21 29 18 28 33 
28 32 24 31 21 30 19 29 33 
28 30 25 29 21 28 18 27 33 
28 31 24 30 20 29 16 28 33 
28 32 25 31 23 30 21 29 33 
29 31 25 30 22 29 19 28 33 
28 32 24 31 21 30 18 29 33 
28 33 24 32 19 31 15 30 33 
28 30 24 29 21 28 18 27 33 
29 33 24 32 19 31 15 30 33 
28 32 24 31 20 30 17 29 33 
28 32 24 31 20 30 18 29 33 
28 32 24 31 21 30 18 29 33 
28 32 25 31 22 30 19 29 33 
28 30 25 29 23 28 21 27 33 
28 31 23 30 20 29 17 28 33 
29 32 25 31 22 30 19 29 33 
29 33 25 32 20 31 16 30 33 
28 32 24 31 20 30 16 29 33 
29 31 25 30 22 29 19 28 33 
28 31 23 30 19 29 16 28 33 
27 29 24 28 21 27 18 26 33 
29 33 25 32 20 31 15 30 33 
28 32 25 31 21 30 17 29 33 
26 30 22 29 19 28 16 27 33 
29 33 23 32 18 31 14 30 33 
28 31 26 30 24 29 22 28 33 
28 32 25 31 21 30 17 29 33 
27 31 23 30 19 29 16 28 33 
29 32 25 31 21 30 17 29 33 
28 30 23 29 20 28 18 27 33 
27 32 23 31 17 30 13 29 33 
29 32 24 31 21 30 18 29 33 
SCORES_TXT_END_0
SCORES_TXT_BEGIN_0 6 58 9 BLEU
28 30 26 29 24 28 22 27 32 
28 31 25 30 22 29 19 28 32 
28 31 26 30 23 29 20 28 32 
27 30 24 29 21 28 18 27 32 
28 31 26 30 23 29 20 28 32 
27 30 24 29 22 28 20 27 32 
28 31 25 30 22 29 19 28 32 
27 30 24 29 21 28 18 27 32 
28 31 25 30 23 29 21 28 32 
28 32 25 31 21 30 17 29 32 
27 31 23 30 20 29 17 28 32 
28 32 25 31 21 30 17 29 32 
28 31 25 30 22 29 19 28 32 
28 31 25 30 22 29 19 28 32 
27 31 24 30 20 29 17 28 32 
28 32 26 31 22 30 18 29 32 
28 32 26 31 22 30 18 29 32 
28 32 24 31 21 30 18 29 32 
27 31 24 30 21 29 18 28 32 
28 32 24 31 20 30 16 29 32 
27 31 24 30 21 29 18 28 32 
27 30 24 29 21 28 18 27 32 
27 30 24 29 22 28 20 27 32 
27 31 24 30 19 29 15 28 32 
28 32 25 31 21 30 17 29 32 
27 31 24 30 20 29 17 28 32 
28 32 25 31 21 30 17 29 32 
27 31 24 30 20 29 16 28 32 
27 31 23 30 20 29 17 28 32 
27 31 24 30 20 29 16 28 32 
28 32 25 31 23 30 21 29 32 
27 30 24 29 21 28 19 27 32 
28 31 25 30 22 29 19 28 32 
28 32 24 31 21 30 18 29 32 
27 30 24 29 21 28 18 27 32 
26 30 22 29 19 28 16 27 32 
27 30 25 29 23 28 21 27 32 
28 32 24 31 21 30 18 29 32 
28 32 25 31 22 30 19 29 32 
28 30 23 29 20 28 17 27 32 
28 31 25 30 22 29 19 28 32 
28 30 25 29 23 28 21 27 32 
28 32 25 31 22 30 19 29 32 
28 32 24 31 20 30 16 29 32 
28 31 25 30 22 29 19 28 32 
28 33 25 32 20 31 15 30 32 
27 31 23 30 19 29 16 28 32 
27 29 24 28 21 27 18 26 32 
28 33 25 32 20 31 15 30 32 
27 31 23 30 20 29 17 28 32 
28 32 25 31 21 30 17 29 32 
28 33 26 32 21 31 16 30 32 
27 31 23 30 21 29 19 28 32 
28 31 26 30 24 29 22 28 32 
28 32 25 31 21 30 17 29 32 
27 32 24 31 19 30 15 29 32 
27 32 24 31 19 30 15 29 32 
28 32 25 31 21 30 17 29 32 
SCORES_TXT_END_0
SCORES_TXT_BEGIN_0 7 89 9 BLEU
31 33 28 32 25 31 22 30 36 
31 34 27 33 23 32 20 31 36 
31 34 27 33 24 32 21 31 36 
30 33 27 32 24 31 21 30 36 
30 34 27 33 24 32 21 31 36 
31 34 28 33 25 32 22 31 36 
31 34 27 33 23 32 19 31 36 
30 33 26 32 22 31 19 30 36 
31 34 28 33 24 32 20 31 36 
30 36 26 35 21 34 17 33 36 
31 33 26 32 20 31 16 30 36 
31 35 26 34 22 33 19 32 36 
30 33 26 32 22 31 19 30 36 
30 34 26 33 22 32 19 31 36 
30 35 26 34 22 33 19 32 36 
31 35 27 34 23 33 20 32 36 
31 35 26 34 21 33 17 32 36 
30 33 26 32 23 31 20 30 36 
32 34 27 33 23 32 19 31 36 
31 35 27 34 22 33 18 32 36 
31 35 26 34 22 33 18 32 36 
31 35 27 34 24 33 21 32 36 
31 34 25 33 18 32 14 31 36 
30 34 26 33 20 32 17 31 36 
31 35 26 34 22 33 18 32 36 
30 34 27 33 24 32 21 31 36 
30 34 26 33 22 32 18 31 36 
30 35 27 34 24 33 21 32 36 
30 35 26 34 22 33 18 32 36 
30 33 26 32 22 31 19 30 36 
31 35 27 34 23 33 19 32 36 
30 34 25 33 21 32 18 31 36 
29 33 25 32 21 31 18 30 36 
30 34 26 33 21 32 18 31 36 
29 34 25 33 21 32 18 31 36 
30 34 26 33 22 32 19 31 36 
30 34 25 33 20 32 16 31 36 
31 35 27 34 23 33 19 32 36 
29 33 24 32 20 31 17 30 36 
31 34 25 33 19 32 15 31 36 
30 34 27 33 23 32 19 31 36 
30 34 24 33 17 32 13 31 36 
30 34 26 33 21 32 18 31 36 
30 33 25 32 19 31 15 30 36 
30 35 27 34 23 33 19 32 36 
29 33 26 32 23 31 20 30 36 
30 33 26 32 23 31 20 30 36 
29 33 25 32 21 31 18 30 36 
30 34 25 33 19 32 15 31 36 
31 35 28 34 24 33 20 32 36 
30 35 25 34 19 33 16 32 36 
32 35 26 34 21 33 17 32 36 
31 34 26 33 20 32 16 31 36 
29 34 26 33 21 32 18 31 36 
31 35 27 34 22 33 17 32 36 
31 33 26 32 23 31 20 30 36 
31 36 26 35 22 34 19 33 36 
30 34 27 33 22 32 19 31 36 
31 34 25 33 18 32 13 31 36 
31 36 25 35 20 34 16 33 36 
30 35 26 34 22 33 19 32 36 
30 34 26 33 20 32 16 31 36 
30 33 27 32 24 31 21 30 36 
30 35 25 34 20 33 16 32 36 
30 36 26 35 22 34 19 33 36 
30 36 25 35 20 34 16 33 36 
30 34 25 33 20 32 17 31 36 
31 36 26 35 21 34 17 33 36 
30 34 26 33 22 32 19 31 36 
30 34 26 33 21 32 18 31 36 
30 34 26 33 21 32 17 31 36 
30 33 24 32 17 31 13 30 36 
29 33 25 32 22 31 19 30 36 
29 33 24 32 19 31 17 30 36 
29 34 26 33 22 32 19 31 36 
30 34 27 33 24 32 20 31 36 
30 34 26 33 22 32 17 31 36 
31 34 27 33 23 32 19 31 36 
29 32 26 31 23 30 20 29 36 
31 35 28 34 23 33 18 32 36 
31 34 26 33 19 32 14 31 36 
30 35 26 34 21 33 17 32 36 
32 35 26 34 22 33 18 32 36 
31 33 25 32 21 31 17 30 36 
31 36 26 35 21 34 17 33 36 
30 33 25 32 17 31 13 30 36 
30 34 26 33 21 32 17 31 36 
31 35 24 34 17 33 13 32 36 
31 34 26 33 22 32 18 31 36 
SCORES_TXT_END_0
SCORES_TXT_BEGIN_0 8 100 9 BLEU
26 28 24 27 22 26 20 25 31 
26 29 23 28 20 27 18 26 31 
26 29 23 28 20 27 17 26 31 
26 29 24 28 22 27 20 26 31 
26 29 23 28 20 27 18 26 31 
25 28 22 27 19 26 17 25 31 
26 30 22 29 18 28 15 27 31 
25 28 23 27 21 26 19 25 31 
26 30 23 29 20 28 18 27 31 
27 29 24 28 21 27 18 26 31 
26 30 22 29 18 28 16 27 31 
26 30 23 29 20 28 17 27 31 
26 30 22 29 18 28 15 27 31 
25 29 22 28 19 27 17 26 31 
26 29 23 28 20 27 17 26 31 
27 29 23 28 20 27 17 26 31 
25 29 21 28 17 27 14 26 31 
27 30 23 29 19 28 16 27 31 
25 28 22 27 20 26 18 25 31 
26 30 23 29 20 28 18 27 31 
25 29 22 28 19 27 16 26 31 
25 29 22 28 19 27 17 26 31 
26 31 22 30 18 29 15 28 31 
27 30 23 29 19 28 15 27 31 
25 29 21 28 17 27 15 26 31 
26 31 21 30 16 29 13 28 31 
26 30 22 29 18 28 15 27 31 
25 29 22 28 19 27 17 26 31 
27 30 24 29 21 28 18 27 31 
27 30 22 29 18 28 15 27 31 
26 28 22 27 19 26 16 25 31 
25 29 21 28 18 27 16 26 31 
26 31 22 30 18 29 16 28 31 
27 30 23 29 19 28 16 27 31 
24 28 21 27 18 26 16 25 31 
25 30 21 29 17 28 14 27 31 
26 30 22 29 18 28 15 27 31 
25 28 22 27 19 26 16 25 31 
27 30 22 29 18 28 14 27 31 
26 29 22 28 18 27 15 26 31 
27 31 22 30 17 29 13 28 31 
25 29 21 28 18 27 15 26 31 
26 31 22 30 18 29 15 28 31 
26 29 23 28 20 27 17 26 31 
27 29 23 28 20 27 17 26 31 
26 29 23 28 20 27 17 26 31 
26 30 23 29 20 28 17 27 31 
27 30 23 29 20 28 17 27 31 
25 30 21 29 17 28 14 27 31 
25 30 21 29 17 28 15 27 31 
26 30 22 29 18 28 15 27 31 
27 31 23 30 19 29 16 28 31 
27 29 21 28 17 27 15 26 31 
25 29 22 28 20 27 18 26 31 
27 30 22 29 18 28 15 27 31 
26 28 22 27 19 26 17 25 31 
25 30 20 29 15 28 12 27 31 
27 31 22 30 17 29 14 28 31 
25 29 21 28 17 27 14 26 31 
26 31 21 30 16 29 13 28 31 
26 29 21 28 17 27 14 26 31 
25 30 21 29 17 28 14 27 31 
25 29 21 28 17 27 14 26 31 
27 31 23 30 19 29 15 28 31 
27 31 21 30 16 29 12 28 31 
27 29 21 28 17 27 13 26 31 
24 28 20 27 17 26 15 25 31 
25 29 22 28 19 27 16 26 31 
25 30 21 29 17 28 15 27 31 
25 30 20 29 16 28 13 27 31 
26 29 22 28 19 27 16 26 31 
26 32 21 31 16 30 13 29 31 
27 31 22 30 17 29 13 28 31 
26 30 22 29 18 28 15 27 31 
24 29 20 28 16 27 13 26 31 
27 30 22 29 18 28 15 27 31 
26 30 22 29 18 28 15 27 31 
26 31 22 30 18 29 15 28 31 
24 28 21 27 19 26 17 25 31 
25 27 22 26 19 25 16 24 31 
27 31 22 30 18 29 15 28 31 
25 28 22 27 20 26 18 25 31 
27 30 23 29 19 28 15 27 31 
27 29 22 28 19 27 16 26 31 
26 30 21 29 16 28 12 27 31 
26 31 21 30 16 29 13 28 31 
25 30 21 29 18 28 16 27 31 
26 29 22 28 19 27 16 26 31 
27 31 23 30 19 29 16 28 31 
27 31 21 30 16 29 13 28 31 
27 29 21 28 17 27 15 26 31 
27 29 21 28 17 27 14 26 31 
26 28 21 27 19 26 17 25 31 
26 30 22 29 18 28 14 27 31 
27 30 22 29 18 28 15 27 31 
26 30 22 29 18 28 14 27 31 
26 31 22 30 18 29 15 28 31 
25 29 22 28 19 27 16 26 31 
27 31 22 30 18 29 14 28 31 
24 29 20 28 16 27 14 26 31 
SCORES_TXT_END_0
SCORES_TXT_BEGIN_0 9 100 9 BLEU
18 21 14 20 11 19 9 18 19 
17 21 12 20 9 19 7 18 19 
18 22 13 21 10 20 8 19 19 
18 22 13 21 9 20 7 19 19 
17 22 11 21 8 20 6 19 19 
17 22 11 21 7 20 5 19 19 
18 23 12 22 8 21 6 20 19 
18 22 13 21 9 20 6 19 19 
17 23 10 22 6 21 4 20 19 
15 19 12 18 10 17 8 16 19 
17 22 11 21 7 20 4 19 19 
18 23 12 22 8 21 6 20 19 
18 23 12 22 7 21 4 20 19 
15 19 10 18 8 17 6 16 19 
15 19 12 18 10 17 8 16 19 
16 20 11 19 9 18 7 17 19 
16 20 11 19 8 18 7 17 19 
17 23 10 22 6 21 4 20 19 
17 23 10 22 5 21 2 20 19 
18 24 11 23 6 22 4 21 19 
14 19 10 18 8 17 6 16 19 
18 22 13 21 9 20 6 19 19 
16 20 9 19 7 18 5 17 19 
16 20 9 19 6 18 5 17 19 
16 20 11 19 8 18 7 17 19 
16 20 11 19 9 18 7 17 19 
17 21 12 20 9 19 7 18 19 
17 21 12 20 8 19 6 18 19 
16 21 10 20 7 19 6 18 19 
16 19 12 18 10 17 8 16 19 
17 20 13 19 10 18 8 17 19 
17 24 9 23 4 22 2 21 19 
17 22 11 21 7 20 5 19 19 
17 21 13 20 10 19 8 18 19 
18 22 13 21 10 20 8 19 19 
15 20 9 19 7 18 5 17 19 
15 20 9 19 6 18 5 17 19 
18 23 12 22 8 21 5 20 19 
18 23 12 22 7 21 4 20 19 
15 20 11 19 8 18 5 17 19 
17 21 10 20 6 19 4 18 19 
16 21 8 20 5 19 4 18 19 
16 21 10 20 7 19 6 18 19 
15 19 10 18 8 17 6 16 19 
16 20 11 19 8 18 6 17 19 
17 22 11 21 8 20 6 19 19 
17 22 11 21 7 20 5 19 19 
17 22 11 21 8 20 6 19 19 
17 22 11 21 7 20 4 19 19 
17 21 13 20 10 19 8 18 19 
17 20 11 19 8 18 7 17 19 
17 20 11 19 9 18 7 17 19 
18 21 12 20 8 19 7 18 19 
18 21 12 20 9 19 7 18 19 
18 22 13 21 9 20 6 19 19 
17 22 11 21 8 20 6 19 19 
18 22 14 21 11 20 9 19 19 
17 23 10 22 5 21 3 20 19 
17 23 10 22 6 21 4 20 19 
15 20 9 19 6 18 3 17 19 
15 20 11 19 8 18 5 17 19 
17 22 12 21 8 20 6 19 19 
17 22 12 21 9 20 7 19 19 
15 19 12 18 10 17 8 16 19 
18 23 12 22 9 21 7 20 19 
15 21 8 20 5 19 4 18 19 
18 24 11 23 6 22 3 21 19 
16 21 10 20 7 19 5 18 19 
16 21 10 20 6 19 4 18 19 
17 22 9 21 6 20 4 19 19 
17 22 9 21 5 20 2 19 19 
16 20 9 19 6 18 5 17 19 
16 20 9 19 7 18 5 17 19 
17 21 10 20 6 19 5 18 19 
17 21 10 20 7 19 5 18 19 
17 23 10 22 6 21 4 20 19 
17 23 10 22 6 21 4 20 19 
17 22 11 21 7 20 4 19 19 
17 22 12 21 9 20 7 19 19 
17 22 12 21 9 20 7 19 19 
17 22 12 21 8 20 6 19 19 
14 20 9 19 6 18 3 17 19 
17 21 10 20 7 19 6 18 19 
18 23 12 22 7 21 3 20 19 
18 22 11 21 7 20 6 19 19 
18 23 12 22 8 21 5 20 19 
18 23 12 22 7 21 4 20 19 
14 19 10 18 8 17 6 16 19 
17 23 10 22 7 21 5 20 19 
18 23 13 22 9 21 7 20 19 
18 22 14 21 11 20 9 19 19 
17 24 9 23 4 22 2 21 19 
16 21 8 20 4 19 2 18 19 
16 21 8 20 5 19 3 18 19 
16 21 10 20 6 19 4 18 19 
16 21 10 20 7 19 5 18 19 
17 23 11 22 7 21 5 20 19 
16 20 11 19 9 18 7 17 19 
16 20 11 19 8 18 7 17 19 
18 22 11 21 8 20 7 19 19 
SCORES_TXT_END_0
SCORES_TXT_BEGIN_0 10 91 9 BLEU
14 18 10 17 8 16 7 15 19 
13 18 8 17 6 16 5 15 19 
15 19 9 18 7 17 6 16 19 
14 19 7 18 5 17 4 16 19 
14 19 9 18 6 17 4 16 19 
13 19 7 18 4 17 2 16 19 
15 20 8 19 5 18 4 17 19 
14 20 6 19 3 18 2 17 19 
15 19 9 18 6 17 4 16 19 
13 18 8 17 6 16 5 15 19 
13 18 8 17 6 16 4 15 19 
14 19 7 18 4 17 3 16 19 
13 18 9 17 7 16 6 15 19 
15 20 8 19 5 18 3 17 19 
13 18 6 17 4 16 2 15 19 
14 19 7 18 5 17 4 16 19 
14 19 7 18 5 17 4 16 19 
13 18 9 17 7 16 6 15 19 
14 19 9 18 6 17 4 16 19 
14 19 10 18 8 17 7 16 19 
14 20 6 19 3 18 2 17 19 
14 19 8 18 6 17 5 16 19 
14 19 5 18 3 17 2 16 19 
13 19 7 18 4 17 2 16 19 
13 19 8 18 6 17 5 16 19 
14 19 8 18 6 17 5 16 19 
15 20 8 19 4 18 1 17 19 
15 20 8 19 5 18 3 17 19 
14 19 10 18 8 17 7 16 19 
13 19 7 18 4 17 2 16 19 
15 20 9 19 7 18 6 17 19 
13 18 8 17 6 16 5 15 19 
14 20 6 19 2 18 0 17 19 
14 20 6 19 3 18 1 17 19 
13 19 8 18 5 17 3 16 19 
13 19 8 18 6 17 5 16 19 
15 21 7 20 3 19 1 18 19 
15 20 9 19 7 18 6 17 19 
14 20 7 19 5 18 4 17 19 
15 19 8 18 6 17 5 16 19 
14 20 6 19 3 18 2 17 19 
13 19 8 18 5 17 3 16 19 
14 20 8 19 4 18 2 17 19 
14 20 9 19 6 18 4 17 19 
14 19 7 18 5 17 4 16 19 
14 21 5 20 1 19 0 18 19 
14 20 7 19 4 18 3 17 19 
14 20 7 19 5 18 4 17 19 
14 19 6 18 4 17 3 16 19 
14 18 8 17 6 16 5 15 19 
12 18 8 17 6 16 5 15 19 
13 18 8 17 6 16 5 15 19 
13 18 9 17 8 16 7 15 19 
13 20 6 19 2 18 0 17 19 
13 20 7 19 4 18 2 17 19 
14 19 7 18 4 17 3 16 19 
14 19 7 18 4 17 1 16 19 
14 20 7 19 4 18 3 17 19 
15 21 7 20 3 19 2 18 19 
14 18 9 17 8 16 7 15 19 
15 19 8 18 6 17 5 16 19 
14 20 9 19 6 18 4 17 19 
13 18 6 17 4 16 2 15 19 
13 18 6 17 4 16 3 15 19 
14 20 10 19 8 18 7 17 19 
14 19 8 18 5 17 3 16 19 
15 21 8 20 5 19 4 18 19 
13 19 7 18 5 17 4 16 19 
12 18 7 17 6 16 5 15 19 
14 19 5 18 2 17 0 16 19 
13 19 7 18 4 17 2 16 19 
14 19 7 18 5 17 4 16 19 
12 18 7 17 5 16 3 15 19 
14 19 8 18 7 17 6 16 19 
14 21 5 20 1 19 0 18 19 
13 18 7 17 6 16 5 15 19 
14 19 6 18 4 17 3 16 19 
14 20 6 19 3 18 2 17 19 
14 18 8 17 6 16 5 15 19 
13 20 7 19 4 18 2 17 19 
14 20 6 19 3 18 1 17 19 
15 19 8 18 7 17 6 16 19 
14 19 8 18 5 17 3 16 19 
13 20 8 19 6 18 5 17 19 
15 21 8 20 5 19 4 18 19 
14 19 10 18 8 17 7 16 19 
15 20 9 19 6 18 4 17 19 
14 19 5 18 3 17 2 16 19 
14 21 6 20 3 19 2 18 19 
13 17 8 16 5 15 4 14 19 
15 20 7 19 5 18 4 17 19 
SCORES_TXT_END_0
SCORES_TXT_BEGIN_0 11 100 9 BLEU
13 16 11 15 10 14 9 13 19 
13 17 10 16 9 15 8 14 19 
12 16 9 15 7 14 6 13 19 
14 17 10 16 8 15 7 14 19 
12 17 8 16 7 15 6 14 19 
14 18 9 17 7 16 6 15 19 
13 17 8 16 5 15 4 14 19 
13 17 10 16 8 15 6 14 19 
13 18 7 17 5 16 4 15 19 
13 17 10 16 9 15 8 14 19 
13 16 9 15 8 14 7 13 19 
13 18 9 17 7 16 5 15 19 
12 17 8 16 5 15 3 14 19 
14 18 9 17 6 16 5 15 19 
13 18 9 17 8 16 7 15 19 
12 16 9 15 8 14 7 13 19 
12 17 8 16 6 15 5 14 19 
14 17 8 16 6 15 5 14 19 
12 18 7 17 5 16 3 15 19 
14 19 8 18 5 17 4 16 19 
14 18 9 17 8 16 7 15 19 
13 18 7 17 3 16 2 15 19 
14 17 10 16 8 15 6 14 19 
12 18 7 17 6 16 5 15 19 
13 17 8 16 6 15 5 14 19 
13 16 10 15 8 14 5 13 19 
14 19 8 18 7 17 6 16 19 
13 19 6 18 3 17 2 16 19 
14 17 8 16 7 15 6 14 19 
13 18 7 17 5 16 4 15 19 
14 18 9 17 7 16 5 15 19 
13 17 8 16 5 15 4 14 19 
13 18 9 17 7 16 5 15 19 
14 18 9 17 6 16 4 15 19 
13 17 8 16 6 15 4 14 19 
13 17 9 16 7 15 4 14 19 
12 16 8 15 5 14 2 13 19 
14 18 7 17 6 16 5 15 19 
13 16 8 15 7 14 6 13 19 
14 17 9 16 6 15 5 14 19 
13 19 6 18 5 17 4 16 19 
13 17 6 16 4 15 3 14 19 
13 17 8 16 7 15 6 14 19 
13 17 9 16 8 15 7 14 19 
13 17 10 16 8 15 6 14 19 
13 18 7 17 5 16 4 15 19 
12 16 8 15 7 14 6 13 19 
13 19 8 18 6 17 4 16 19 
14 19 8 18 5 17 3 16 19 
12 17 8 16 6 15 4 14 19 
12 18 7 17 4 16 2 15 19 
13 18 7 17 3 16 2 15 19 
13 16 11 15 10 14 9 13 19 
12 17 7 16 5 15 2 14 19 
14 18 7 17 4 16 3 15 19 
13 17 7 16 6 15 5 14 19 
14 18 8 17 5 16 4 15 19 
13 18 5 17 4 16 3 15 19 
12 16 6 15 4 14 3 13 19 
13 17 7 16 3 15 2 14 19 
12 17 8 16 7 15 6 14 19 
12 17 9 16 8 15 7 14 19 
14 19 8 18 6 17 5 16 19 
13 18 9 17 7 16 5 15 19 
12 17 8 16 5 15 3 14 19 
14 18 9 17 6 16 3 15 19 
12 19 6 18 4 17 2 16 19 
14 18 8 17 6 16 5 15 19 
14 18 9 17 6 16 4 15 19 
13 19 6 18 3 17 2 16 19 
13 17 10 16 9 15 8 14 19 
13 17 7 16 5 15 4 14 19 
13 18 7 17 4 16 3 15 19 
12 16 9 15 7 14 6 13 19 
14 17 10 16 8 15 7 14 19 
14 18 7 17 6 16 5 15 19 
12 17 5 16 4 15 3 14 19 
13 18 6 17 3 16 2 15 19 
14 18 9 17 7 16 5 15 19 
14 20 7 19 5 18 4 17 19 
14 18 7 17 6 16 5 15 19 
14 17 8 16 6 15 4 14 19 
13 19 6 18 3 17 2 16 19 
12 18 7 17 5 16 3 15 19 
13 18 8 17 6 16 5 15 19 
14 19 8 18 5 17 2 16 19 
14 18 10 17 8 16 7 15 19 
14 19 8 18 5 17 3 16 19 
13 17 9 16 7 15 5 14 19 
13 18 7 17 3 16 1 15 19 
13 18 7 17 3 16 1 15 19 
12 16 8 15 6 14 3 13 19 
12 17 8 16 7 15 6 14 19 
14 19 8 18 4 17 2 16 19 
13 18 10 17 9 16 8 15 19 
13 18 7 17 6 16 5 15 19 
14 18 9 17 7 16 6 15 19 
14 17 6 16 5 15 4 14 19 
13 17 8 16 5 15 4 14 19 
14 19 8 18 6 17 4 16 19 
SCORES_TXT_END_0
SCORES_TXT_BEGIN_0 12 100 9 BLEU
18 21 14 20 11 19 9 18 19 
17 21 12 20 9 19 7 18 19 
18 22 13 21 10 20 8 19 19 
18 22 13 21 9 20 7 19 19 
17 22 11 21 8 20 6 19 19 
17 22 11 21 7 20 5 19 19 
18 23 12 22 8 21 6 20 19 
18 22 13 21 9 20 6 19 19 
17 23 10 22 6 21 4 20 19 
15 19 12 18 10 17 8 16 19 
17 22 11 21 7 20 4 19 19 
18 23 12 22 8 21 6 20 19 
18 23 12 22 7 21 4 20 19 
15 19 10 18 8 17 6 16 19 
15 19 12 18 10 17 8 16 19 
16 20 11 19 9 18 7 17 19 
16 20 11 19 8 18 7 17 19 
17 23 10 22 6 21 4 20 19 
17 23 10 22 5 21 2 20 19 
18 24 11 23 6 22 4 21 19 
14 19 10 18 8 17 6 16 19 
18 22 13 21 9 20 6 19 19 
16 20 9 19 7 18 5 17 19 
16 20 9 19 6 18 5 17 19 
16 20 11 19 8 18 7 17 19 
16 20 11 19 9 18 7 17 19 
17 21 12 20 9 19 7 18 19 
17 21 12 20 8 19 6 18 19 
16 21 10 20 7 19 6 18 19 
16 19 12 18 10 17 8 16 19 
17 20 13 19 10 18 8 17 19 
17 24 9 23 4 22 2 21 19 
17 22 11 21 7 20 5 19 19 
17 21 13 20 10 19 8 18 19 
18 22 13 21 10 20 8 19 19 
15 20 9 19 7 18 5 17 19 
15 20 9 19 6 18 5 17 19 
18 23 12 22 8 21 5 20 19 
18 23 12 22 7 21 4 20 19 
15 20 11 19 8 18 5 17 19 
17 21 10 20 6 19 4 18 19 
16 21 8 20 5 19 4 18 19 
16 21 10 20 7 19 6 18 19 
15 19 10 18 8 17 6 16 19 
16 20 11 19 8 18 6 17 19 
17 22 11 21 8 20 6 19 19 
17 22 11 21 7 20 5 19 19 
17 22 11 21 8 20 6 19 19 
17 22 11 21 7 20 4 19 19 
17 21 13 20 10 19 8 18 19 
17 20 11 19 8 18 7 17 19 
17 20 11 19 9 18 7 17 19 
18 21 12 20 8 19 7 18 19 
18 21 12 20 9 19 7 18 19 
18 22 13 21 9 20 6 19 19 
17 22 11 21 8 20 6 19 19 
18 22 14 21 11 20 9 19 19 
17 23 10 22 5 21 3 20 19 
17 23 10 22 6 21 4 20 19 
15 20 9 19 6 18 3 17 19 
15 20 11 19 8 18 5 17 19 
17 22 12 21 8 20 6 19 19 
17 22 12 21 9 20 7 19 19 
15 19 12 18 10 17 8 16 19 
18 23 12 22 9 21 7 20 19 
15 21 8 20 5 19 4 18 19 
18 24 11 23 6 22 3 21 19 
16 21 10 20 7 19 5 18 19 
16 21 10 20 6 19 4 18 19 
17 22 9 21 6 20 4 19 19 
17 22 9 21 5 20 2 19 19 
16 20 9 19 6 18 5 17 19 
16 20 9 19 7 18 5 17 19 
17 21 10 20 6 19 5 18 19 
17 21 10 20 7 19 5 18 19 
17 23 10 22 6 21 4 20 19 
17 23 10 22 6 21 4 20 19 
17 22 11 21 7 20 4 19 19 
17 22 12 21 9 20 7 19 19 
17 22 12 21 9 20 7 19 19 
17 22 12 21 8 20 6 19 19 
14 20 9 19 6 18 3 17 19 
17 21 10 20 7 19 6 18 19 
18 23 12 22 7 21 3 20 19 
18 22 11 21 7 20 6 19 19 
18 23 12 22 8 21 5 20 19 
18 23 12 22 7 21 4 20 19 
14 19 10 18 8 17 6 16 19 
17 23 10 22 7 21 5 20 19 
18 23 13 22 9 21 7 20 19 
18 22 14 21 11 20 9 19 19 
17 24 9 23 4 22 2 21 19 
16 21 8 20 4 19 2 18 19 
16 21 8 20 5 19 3 18 19 
16 21 10 20 6 19 4 18 19 
16 21 10 20 7 19 5 18 19 
17 23 11 22 7 21 5 20 19 
16 20 11 19 9 18 7 17 19 
16 20 11 19 8 18 7 17 19 
18 22 11 21 8 20 7 19 19 
SCORES_TXT_END_0
SCORES_TXT_BEGIN_0 13 55 9 BLEU
7 10 4 9 2 8 1 7 19 
7 11 3 10 2 9 1 8 19 
8 11 3 10 1 9 0 8 19 
6 10 3 9 1 8 0 7 19 
7 11 4 10 2 9 1 8 19 
7 10 4 9 2 8 1 7 19 
8 12 2 11 1 10 0 9 19 
8 12 4 11 2 10 1 9 19 
6 11 2 10 1 9 0 8 19 
7 12 3 11 2 10 1 9 19 
7 12 3 11 2 10 1 9 19 
6 10 3 9 1 8 0 7 19 
7 11 3 10 2 9 1 8 19 
7 11 4 10 2 9 1 8 19 
7 11 2 10 0 9 0 8 19 
8 12 3 11 1 10 0 9 19 
7 11 4 10 2 9 1 8 19 
7 11 4 10 2 9 1 8 19 
6 10 4 9 2 8 1 7 19 
8 13 3 12 2 11 1 10 19 
6 11 3 10 1 9 0 8 19 
8 11 3 10 1 9 0 8 19 
8 12 4 11 2 10 1 9 19 
6 10 3 9 1 8 0 7 19 
9 13 3 12 1 11 0 10 19 
6 11 2 10 1 9 0 8 19 
7 12 3 11 2 10 1 9 19 
7 12 1 11 0 10 0 9 19 
8 13 2 12 1 11 0 10 19 
7 12 3 11 2 10 1 9 19 
7 12 3 11 2 10 1 9 19 
7 12 3 11 1 10 0 9 19 
6 11 3 10 2 9 1 8 19 
6 11 4 10 2 9 1 8 19 
6 12 2 11 1 10 0 9 19 
7 11 2 10 0 9 0 8 19 
8 12 3 11 1 10 0 9 19 
8 12 2 11 1 10 0 9 19 
6 12 2 11 1 10 0 9 19 
7 13 3 12 2 11 1 10 19 
8 12 3 11 1 10 0 9 19 
7 11 4 10 2 9 1 8 19 
8 13 3 12 2 11 1 10 19 
6 11 2 10 1 9 0 8 19 
6 11 3 10 1 9 0 8 19 
7 11 3 10 1 9 0 8 19 
6 11 3 10 1 9 0 8 19 
7 12 2 11 0 10 0 9 19 
9 14 2 13 1 12 0 11 19 
6 11 3 10 1 9 0 8 19 
7 12 4 11 2 10 1 9 19 
7 12 3 11 2 10 1 9 19 
6 11 3 10 1 9 0 8 19 
7 12 4 11 2 10 1 9 19 
7 12 4 11 2 10 1 9 19 
SCORES_TXT_END_0
SCORES_TXT_BEGIN_0 14 87 9 BLEU
22 24 20 23 18 22 16 21 27 
22 25 19 24 16 23 13 22 27 
22 25 20 24 18 23 16 22 27 
22 25 19 24 16 23 14 22 27 
23 25 20 24 17 23 14 22 27 
22 26 18 25 14 24 10 23 27 
22 26 19 25 16 24 13 23 27 
22 25 19 24 16 23 13 22 27 
21 24 18 23 15 22 13 21 27 
22 26 18 25 14 24 11 23 27 
22 26 19 25 16 24 14 23 27 
21 24 18 23 15 22 13 21 27 
23 26 19 25 15 24 11 23 27 
22 27 18 26 14 25 11 24 27 
21 24 19 23 17 22 15 21 27 
23 26 20 25 17 24 14 23 27 
21 25 17 24 13 23 10 22 27 
22 25 20 24 18 23 16 22 27 
22 25 19 24 16 23 13 22 27 
22 26 18 25 14 24 11 23 27 
21 25 17 24 13 23 10 22 27 
23 26 19 25 15 24 12 23 27 
21 25 18 24 15 23 13 22 27 
23 25 19 24 16 23 13 22 27 
22 26 19 25 16 24 13 23 27 
21 25 18 24 15 23 13 22 27 
22 27 18 26 14 25 11 24 27 
23 26 20 25 16 24 12 23 27 
21 25 18 24 15 23 12 22 27 
22 26 18 25 14 24 11 23 27 
21 25 18 24 15 23 13 22 27 
23 27 19 26 15 25 11 24 27 
22 26 19 25 16 24 13 23 27 
22 26 19 25 16 24 13 23 27 
22 26 18 25 14 24 10 23 27 
21 25 17 24 13 23 11 22 27 
23 26 19 25 15 24 11 23 27 
22 25 18 24 14 23 11 22 27 
21 25 17 24 13 23 10 22 27 
23 27 18 26 13 25 9 24 27 
21 23 18 22 15 21 12 20 27 
22 26 20 25 18 24 16 23 27 
21 25 18 24 15 23 13 22 27 
23 25 19 24 16 23 13 22 27 
22 26 19 25 16 24 13 23 27 
23 26 18 25 14 24 11 23 27 
22 27 18 26 14 25 11 24 27 
21 26 17 25 13 24 10 23 27 
23 27 19 26 15 25 12 24 27 
23 28 18 27 13 26 9 25 27 
22 25 18 24 14 23 11 22 27 
22 26 18 25 14 24 11 23 27 
21 24 18 23 15 22 13 21 27 
21 24 18 23 15 22 13 21 27 
22 26 19 25 16 24 14 23 27 
23 27 19 26 14 25 9 24 27 
22 26 18 25 14 24 11 23 27 
21 25 17 24 13 23 10 22 27 
23 26 19 25 16 24 13 23 27 
22 25 19 24 16 23 13 22 27 
22 26 18 25 14 24 11 23 27 
22 27 17 26 12 25 9 24 27 
23 27 20 26 16 25 12 24 27 
23 26 20 25 17 24 14 23 27 
21 24 19 23 17 22 15 21 27 
23 26 18 25 14 24 11 23 27 
22 27 18 26 14 25 11 24 27 
21 25 17 24 13 23 11 22 27 
23 26 19 25 15 24 11 23 27 
20 24 16 23 12 22 10 21 27 
21 24 18 23 15 22 13 21 27 
23 27 18 26 13 25 9 24 27 
22 26 17 25 12 24 8 23 27 
23 27 19 26 15 25 11 24 27 
23 27 19 26 14 25 10 24 27 
22 25 19 24 17 23 15 22 27 
21 25 18 24 15 23 12 22 27 
22 27 19 26 16 25 13 24 27 
20 24 17 23 14 22 12 21 27 
21 26 17 25 13 24 10 23 27 
21 24 18 23 15 22 13 21 27 
23 26 18 25 14 24 10 23 27 
22 27 18 26 14 25 10 24 27 
22 24 17 23 14 22 11 21 27 
22 25 19 24 17 23 15 22 27 
21 26 17 25 13 24 11 23 27 
23 26 19 25 15 24 11 23 27 
SCORES_TXT_END_0
SCORES_TXT_BEGIN_0 15 82 9 BLEU
34 40 28 39 24 38 20 37 39 
35 41 28 40 24 39 20 38 39 
35 41 28 40 24 39 20 38 39 
35 41 27 40 22 39 17 38 39 
35 42 28 41 24 40 20 39 39 
35 41 27 40 22 39 17 38 39 
35 42 27 41 22 40 17 39 39 
35 42 27 41 22 40 17 39 39 
35 41 28 40 23 39 18 38 39 
34 41 27 40 22 39 17 38 39 
34 41 28 40 23 39 18 38 39 
34 41 28 40 24 39 20 38 39 
34 41 28 40 24 39 20 38 39 
35 42 28 41 23 40 18 39 39 
35 43 28 42 22 41 16 40 39 
35 42 28 41 23 40 18 39 39 
35 42 28 41 24 40 20 39 39 
34 41 25 40 19 39 14 38 39 
34 41 27 40 22 39 17 38 39 
33 40 27 39 23 38 19 37 39 
33 40 26 39 21 38 17 37 39 
35 42 27 41 22 40 17 39 39 
33 40 26 39 21 38 17 37 39 
35 42 27 41 22 40 17 39 39 
34 41 27 40 23 39 19 38 39 
34 41 26 40 21 39 17 38 39 
35 42 27 41 22 40 17 39 39 
35 43 27 42 22 41 17 40 39 
35 42 26 41 20 40 14 39 39 
33 40 26 39 21 38 17 37 39 
34 41 26 40 21 39 17 38 39 
33 40 27 39 23 38 19 37 39 
35 43 27 42 22 41 17 40 39 
35 42 28 41 23 40 18 39 39 
35 42 26 41 20 40 14 39 39 
35 43 26 42 20 41 14 40 39 
35 42 27 41 21 40 15 39 39 
35 43 27 42 22 41 17 40 39 
33 40 26 39 21 38 16 37 39 
35 42 28 41 23 40 18 39 39 
35 42 28 41 24 40 20 39 39 
35 42 27 41 22 40 17 39 39 
34 41 27 40 21 39 17 38 39 
35 42 27 41 21 40 15 39 39 
35 42 27 41 22 40 17 39 39 
34 41 26 40 21 39 17 38 39 
34 41 28 40 24 39 20 38 39 
34 41 28 40 24 39 20 38 39 
34 41 28 40 24 39 19 38 39 
35 43 28 42 23 41 18 40 39 
34 41 28 40 21 39 16 38 39 
35 42 27 41 21 40 15 39 39 
34 42 28 41 24 40 20 39 39 
35 43 27 42 21 41 15 40 39 
34 42 28 41 23 40 18 39 39 
33 40 26 39 21 38 17 37 39 
34 41 26 40 21 39 16 38 39 
35 43 28 42 23 41 18 40 39 
35 43 28 42 24 41 20 40 39 
34 42 28 41 23 40 18 39 39 
35 42 27 41 21 40 15 39 39 
35 42 27 41 22 40 17 39 39 
34 41 25 40 19 39 14 38 39 
35 43 27 42 21 41 15 40 39 
35 43 27 42 22 41 17 40 39 
35 42 28 41 23 40 18 39 39 
35 42 28 41 24 40 20 39 39 
33 40 27 39 21 38 16 37 39 
35 42 28 41 24 40 20 39 39 
35 42 28 41 24 40 19 39 39 
34 41 27 40 22 39 17 38 39 
35 42 27 41 22 40 17 39 39 
35 43 27 42 21 41 15 40 39 
35 42 28 41 23 40 18 39 39 
35 42 28 41 22 40 16 39 39 
35 42 26 41 20 40 14 39 39 
34 41 26 40 21 39 17 38 39 
34 41 27 40 21 39 17 38 39 
35 43 27 42 21 41 15 40 39 
35 43 27 42 22 41 17 40 39 
35 42 28 41 22 40 16 39 39 
34 41 26 40 21 39 16 38 39 
SCORES_TXT_END_0
SCORES_TXT_BEGIN_0 16 72 9 BLEU
39 41 37 40 35 39 33 38 40 
39 42 36 41 33 40 30 39 40 
39 42 37 41 35 40 33 39 40 
39 42 36 41 33 40 30 39 40 
39 42 36 41 34 40 32 39 40 
39 42 36 41 33 40 30 39 40 
39 44 35 43 30 42 25 41 40 
39 43 36 42 33 41 30 40 40 
39 43 35 42 31 41 27 40 40 
39 42 37 41 34 40 31 39 40 
39 42 37 41 34 40 31 39 40 
39 44 35 43 31 42 27 41 40 
39 43 35 42 32 41 29 40 40 
39 43 35 42 31 41 27 40 40 
38 42 35 41 30 40 26 39 40 
39 43 36 42 32 41 28 40 40 
39 43 36 42 32 41 28 40 40 
39 42 33 41 30 40 27 39 40 
38 41 35 40 32 39 30 38 40 
39 42 34 41 32 40 30 39 40 
39 42 36 41 33 40 30 39 40 
39 43 36 42 33 41 30 40 40 
39 43 36 42 33 41 30 40 40 
39 41 34 40 32 39 30 38 40 
39 43 36 42 34 41 32 40 40 
39 43 35 42 32 41 29 40 40 
39 43 36 42 33 41 30 40 40 
39 43 35 42 31 41 27 40 40 
38 41 35 40 32 39 29 38 40 
38 41 35 40 32 39 29 38 40 
38 42 34 41 30 40 27 39 40 
39 44 35 43 30 42 25 41 40 
39 43 35 42 32 41 29 40 40 
39 44 35 43 31 42 27 41 40 
39 43 35 42 31 41 27 40 40 
38 41 35 40 32 39 29 38 40 
39 44 35 43 31 42 27 41 40 
39 43 37 42 34 41 31 40 40 
39 43 36 42 32 41 28 40 40 
39 43 36 42 32 41 28 40 40 
39 43 37 42 34 41 31 40 40 
39 43 35 42 31 41 27 40 40 
39 44 36 43 33 42 30 41 40 
39 42 33 41 30 40 27 39 40 
38 41 36 40 34 39 32 38 40 
39 42 37 41 35 40 33 39 40 
39 42 36 41 33 40 30 39 40 
39 44 35 43 31 42 27 41 40 
39 44 34 43 30 42 26 41 40 
39 44 35 43 32 42 29 41 40 
39 44 34 43 29 42 24 41 40 
39 44 35 43 31 42 27 41 40 
39 43 37 42 33 41 29 40 40 
39 43 36 42 33 41 30 40 40 
39 43 36 42 33 41 30 40 40 
39 43 36 42 32 41 28 40 40 
39 43 35 42 31 41 27 40 40 
38 41 35 40 32 39 29 38 40 
39 43 36 42 33 41 30 40 40 
39 43 36 42 33 41 30 40 40 
39 43 36 42 32 41 28 40 40 
38 42 34 41 30 40 27 39 40 
38 42 35 41 32 40 30 39 40 
38 42 35 41 32 40 29 39 40 
39 44 34 43 30 42 26 41 40 
39 43 37 42 33 41 29 40 40 
39 44 34 43 29 42 24 41 40 
38 41 35 40 33 39 31 38 40 
39 44 36 43 32 42 28 41 40 
39 44 35 43 30 42 25 41 40 
39 44 35 43 30 42 25 41 40 
39 44 36 43 32 42 28 41 40 
SCORES_TXT_END_0
SCORES_TXT_BEGIN_0 17 100 9 BLEU
18 21 14 20 10 19 7 18 20 
18 22 13 21 9 20 6 19 20 
18 22 13 21 9 20 7 19 20 
18 23 12 22 8 21 6 20 20 
15 19 12 18 9 17 6 16 20 
15 20 12 19 9 18 6 17 20 
15 19 12 18 9 17 6 16 20 
15 20 12 19 9 18 6 17 20 
16 20 11 19 8 18 6 17 20 
18 22 13 21 8 20 5 19 20 
18 21 14 20 10 19 7 18 20 
16 21 11 20 8 19 6 18 20 
18 22 14 21 9 20 5 19 20 
18 23 12 22 7 21 4 20 20 
18 22 13 21 9 20 6 19 20 
16 20 11 19 8 18 6 17 20 
17 21 12 20 8 19 5 18 20 
16 21 11 20 8 19 6 18 20 
18 23 12 22 7 21 5 20 20 
18 22 13 21 9 20 7 19 20 
16 19 12 18 9 17 6 16 20 
17 21 12 20 8 19 5 18 20 
16 20 12 19 9 18 6 17 20 
18 23 13 22 8 21 4 20 20 
18 23 13 22 8 21 5 20 20 
17 20 13 19 9 18 6 17 20 
18 24 11 23 6 22 4 21 20 
18 23 12 22 8 21 6 20 20 
17 22 11 21 7 20 5 19 20 
15 20 11 19 7 18 4 17 20 
17 22 12 21 7 20 4 19 20 
15 21 11 20 7 19 4 18 20 
17 20 11 19 8 18 6 17 20 
17 22 11 21 7 20 5 19 20 
17 21 11 20 8 19 6 18 20 
17 21 13 20 9 19 6 18 20 
18 24 12 23 7 22 4 21 20 
15 20 12 19 8 18 4 17 20 
16 19 12 18 9 17 6 16 20 
15 21 12 20 8 19 4 18 20 
16 20 12 19 9 18 6 17 20 
15 20 11 19 7 18 4 17 20 
18 21 12 20 8 19 6 18 20 
15 21 11 20 7 19 4 18 20 
16 21 10 20 6 19 4 18 20 
17 23 11 22 6 21 4 20 20 
18 22 13 21 8 20 5 19 20 
16 22 10 21 6 20 4 19 20 
18 22 12 21 8 20 5 19 20 
14 19 10 18 7 17 4 16 20 
14 20 11 19 7 18 4 17 20 
17 20 12 19 8 18 5 17 20 
15 20 12 19 8 18 4 17 20 
17 22 12 21 8 20 6 19 20 
17 21 12 20 7 19 4 18 20 
15 21 12 20 8 19 4 18 20 
17 21 12 20 7 19 4 18 20 
16 21 11 20 7 19 4 18 20 
17 20 11 19 8 18 6 17 20 
18 23 13 22 7 21 3 20 20 
18 22 14 21 9 20 5 19 20 
16 22 11 21 7 20 4 19 20 
17 21 11 20 8 19 6 18 20 
18 22 14 21 10 20 7 19 20 
17 20 13 19 9 18 6 17 20 
18 23 12 22 7 21 4 20 20 
16 21 10 20 6 19 4 18 20 
17 22 11 21 6 20 3 19 20 
17 21 12 20 8 19 5 18 20 
16 22 10 21 6 20 4 19 20 
15 19 10 18 7 17 4 16 20 
14 19 11 18 8 17 5 16 20 
15 20 11 19 7 18 4 17 20 
18 23 12 22 7 21 5 20 20 
16 20 11 19 7 18 4 17 20 
18 23 11 22 7 21 5 20 20 
18 22 13 21 6 20 3 19 20 
18 22 13 21 8 20 4 19 20 
15 20 9 19 6 18 4 17 20 
17 22 12 21 6 20 3 19 20 
17 21 12 20 8 19 5 18 20 
16 21 11 20 7 19 4 18 20 
15 19 11 18 8 17 5 16 20 
15 21 10 20 6 19 4 18 20 
17 22 11 21 6 20 3 19 20 
16 20 11 19 8 18 5 17 20 
18 24 12 23 6 22 2 21 20 
18 23 13 22 8 21 4 20 20 
17 21 11 20 7 19 5 18 20 
16 21 11 20 7 19 4 18 20 
17 22 12 21 7 20 3 19 20 
18 23 13 22 9 21 6 20 20 
17 22 11 21 6 20 4 19 20 
16 22 11 21 7 20 4 19 20 
17 22 11 21 6 20 4 19 20 
18 24 12 23 6 22 3 21 20 
18 23 13 22 8 21 5 20 20 
17 21 12 20 7 19 4 18 20 
15 19 11 18 8 17 5 16 20 
16 20 12 19 8 18 4 17 20 
SCORES_TXT_END_0
SCORES_TXT_BEGIN_0 18 86 9 BLEU
14 17 11 16 8 15 6 14 20 
14 18 11 17 8 16 6 15 20 
14 18 10 17 6 16 4 15 20 
14 18 11 17 7 16 4 15 20 
13 17 9 16 6 15 4 14 20 
13 17 10 16 7 15 5 14 20 
14 17 10 16 7 15 5 14 20 
14 19 10 18 6 17 4 16 20 
14 19 11 18 7 17 4 16 20 
14 17 10 16 5 15 3 14 20 
13 17 9 16 5 15 3 14 20 
14 19 10 18 5 17 2 16 20 
13 18 10 17 6 16 4 15 20 
14 18 11 17 8 16 6 15 20 
15 18 10 17 6 16 3 15 20 
13 18 9 17 4 16 2 15 20 
13 18 9 17 5 16 3 15 20 
15 18 10 17 7 16 5 15 20 
13 17 9 16 6 15 4 14 20 
13 18 10 17 6 16 3 15 20 
15 18 9 17 5 16 3 15 20 
12 17 8 16 5 15 3 14 20 
15 18 11 17 5 16 3 15 20 
15 18 10 17 6 16 3 15 20 
13 17 8 16 5 15 3 14 20 
13 18 9 17 5 16 3 15 20 
14 20 10 19 5 18 2 17 20 
14 19 11 18 8 17 6 16 20 
15 18 10 17 3 16 1 15 20 
13 17 8 16 5 15 3 14 20 
15 19 10 18 6 17 3 16 20 
13 19 9 18 4 17 2 16 20 
14 19 10 18 6 17 4 16 20 
14 17 10 16 8 15 6 14 20 
13 17 9 16 6 15 5 14 20 
15 19 9 18 4 17 1 16 20 
13 18 9 17 4 16 1 15 20 
14 19 11 18 7 17 4 16 20 
13 18 10 17 6 16 4 15 20 
14 18 11 17 8 16 6 15 20 
12 17 7 16 3 15 1 14 20 
15 19 9 18 5 17 3 16 20 
13 18 9 17 6 16 4 15 20 
13 17 9 16 4 15 2 14 20 
12 17 8 16 4 15 2 14 20 
13 17 9 16 5 15 3 14 20 
13 18 9 17 4 16 2 15 20 
13 19 9 18 4 17 1 16 20 
13 17 10 16 7 15 5 14 20 
13 18 10 17 7 16 5 15 20 
15 19 10 18 6 17 3 16 20 
14 18 9 17 5 16 3 15 20 
14 18 9 17 5 16 2 15 20 
13 17 9 16 4 15 2 14 20 
12 18 8 17 3 16 1 15 20 
15 19 10 18 3 17 1 16 20 
13 17 8 16 4 15 2 14 20 
15 19 9 18 4 17 1 16 20 
14 18 8 17 3 16 1 15 20 
14 18 9 17 5 16 3 15 20 
14 18 11 17 8 16 6 15 20 
14 18 10 17 7 16 5 15 20 
15 18 10 17 6 16 3 15 20 
14 18 10 17 7 16 5 15 20 
14 20 10 19 6 18 4 17 20 
14 18 10 17 6 16 3 15 20 
14 18 10 17 8 16 6 15 20 
14 18 9 17 5 16 2 15 20 
14 18 8 17 3 16 1 15 20 
15 20 9 19 4 18 1 17 20 
13 19 9 18 4 17 1 16 20 
12 17 8 16 5 15 3 14 20 
14 18 9 17 6 16 4 15 20 
13 17 10 16 8 15 6 14 20 
14 20 11 19 7 18 4 17 20 
14 18 8 17 4 16 3 15 20 
13 17 8 16 2 15 1 14 20 
14 18 10 17 5 16 3 15 20 
14 19 11 18 8 17 6 16 20 
12 18 8 17 3 16 1 15 20 
13 18 9 17 5 16 3 15 20 
14 20 10 19 5 18 2 17 20 
14 18 10 17 6 16 3 15 20 
13 19 10 18 6 17 4 16 20 
14 18 10 17 7 16 4 15 20 
13 17 8 16 5 15 3 14 20 
SCORES_TXT_END_0
SCORES_TXT_BEGIN_0 19 91 9 BLEU
43 45 41 44 39 43 37 42 48 
43 46 40 45 37 44 34 43 48 
44 46 40 45 37 44 34 43 48 
42 45 39 44 36 43 33 42 48 
44 47 39 46 35 45 31 44 48 
42 46 38 45 34 44 30 43 48 
43 46 38 45 34 44 30 43 48 
43 46 41 45 39 44 37 43 48 
43 47 37 46 32 45 27 44 48 
43 46 40 45 37 44 34 43 48 
43 46 40 45 37 44 34 43 48 
43 47 40 46 37 45 34 44 48 
43 47 39 46 35 45 31 44 48 
43 46 40 45 37 44 34 43 48 
43 47 39 46 35 45 31 44 48 
44 47 40 46 37 45 34 44 48 
43 47 40 46 37 45 34 44 48 
44 47 39 46 35 45 31 44 48 
42 46 39 45 36 44 33 43 48 
42 46 38 45 34 44 30 43 48 
44 47 39 46 35 45 31 44 48 
42 45 39 44 36 43 33 42 48 
42 46 38 45 34 44 30 43 48 
44 46 41 45 38 44 35 43 48 
42 46 39 45 36 44 33 43 48 
44 48 39 47 35 46 31 45 48 
44 48 39 47 35 46 31 45 48 
44 48 38 47 33 46 28 45 48 
42 47 38 46 34 45 30 44 48 
42 47 37 46 32 45 27 44 48 
44 47 39 46 35 45 31 44 48 
44 47 40 46 36 45 32 44 48 
42 47 38 46 34 45 30 44 48 
44 47 40 46 36 45 33 44 48 
42 46 38 45 34 44 30 43 48 
44 48 38 47 33 46 28 45 48 
42 47 37 46 32 45 27 44 48 
44 48 39 47 35 46 31 45 48 
43 47 38 46 34 45 30 44 48 
42 45 37 44 34 43 32 42 48 
42 47 38 46 34 45 30 44 48 
43 47 37 46 32 45 27 44 48 
43 46 38 45 34 44 30 43 48 
42 45 40 44 38 43 36 42 48 
41 44 36 43 33 42 31 41 48 
43 47 37 46 32 45 27 44 48 
41 45 37 44 33 43 29 42 48 
44 47 40 46 36 45 32 44 48 
44 47 40 46 36 45 32 44 48 
43 48 39 47 35 46 31 45 48 
43 46 40 45 37 44 34 43 48 
43 46 39 45 35 44 31 43 48 
43 47 38 46 34 45 30 44 48 
43 47 35 46 30 45 26 44 48 
43 48 37 47 32 46 27 45 48 
43 47 40 46 37 45 34 44 48 
42 46 36 45 32 44 29 43 48 
43 48 36 47 30 46 24 45 48 
42 46 39 45 36 44 33 43 48 
43 47 40 46 37 45 34 44 48 
41 45 35 44 31 43 28 42 48 
44 48 39 47 34 46 29 45 48 
44 48 39 47 34 46 29 45 48 
44 48 39 47 34 46 30 45 48 
43 47 37 46 32 45 27 44 48 
43 47 39 46 35 45 31 44 48 
43 47 39 46 35 45 31 44 48 
43 47 38 46 33 45 28 44 48 
44 48 39 47 35 46 31 45 48 
43 47 38 46 33 45 29 44 48 
44 46 41 45 37 44 34 43 48 
41 44 38 43 35 42 32 41 48 
43 48 39 47 35 46 31 45 48 
43 47 40 46 37 45 34 44 48 
43 48 36 47 30 46 24 45 48 
43 47 39 46 35 45 31 44 48 
41 45 37 44 33 43 29 42 48 
43 47 39 46 35 45 31 44 48 
43 46 36 45 32 44 29 43 48 
43 48 37 47 32 46 27 45 48 
43 46 39 45 36 44 33 43 48 
42 45 35 44 31 43 28 42 48 
43 48 39 47 35 46 31 45 48 
42 46 36 45 31 44 26 43 48 
41 45 38 44 35 43 32 42 48 
43 48 38 47 33 46 28 45 48 
43 47 38 46 33 45 28 44 48 
43 48 40 47 37 46 34 45 48 
44 47 40 46 37 45 34 44 48 
42 46 38 45 34 44 30 43 48 
42 45 39 44 36 43 33 42 48 
SCORES_TXT_END_0
SCORES_TXT_BEGIN_0 20 100 9 BLEU
33 35 30 34 27 33 24 32 38 
33 36 30 35 27 34 24 33 38 
33 36 29 35 25 34 22 33 38 
33 35 28 34 25 33 22 32 38 
33 36 29 35 25 34 21 33 38 
33 36 29 35 25 34 22 33 38 
33 36 28 35 25 34 22 33 38 
33 37 29 36 25 35 22 34 38 
33 36 29 35 26 34 23 33 38 
33 37 29 36 25 35 22 34 38 
33 37 29 36 25 35 21 34 38 
33 36 29 35 25 34 21 33 38 
33 37 29 36 26 35 23 34 38 
33 36 30 35 26 34 22 33 38 
34 36 30 35 26 34 22 33 38 
33 37 29 36 25 35 21 34 38 
33 37 30 36 26 35 22 34 38 
32 35 28 34 25 33 22 32 38 
32 35 28 34 24 33 21 32 38 
34 37 30 36 26 35 22 34 38 
32 36 29 35 25 34 22 33 38 
32 36 28 35 24 34 21 33 38 
34 36 29 35 25 34 21 33 38 
33 36 27 35 23 34 20 33 38 
33 37 28 36 23 35 19 34 38 
33 37 28 36 23 35 20 34 38 
32 35 28 34 25 33 22 32 38 
32 35 29 34 26 33 23 32 38 
33 37 27 36 23 35 20 34 38 
34 37 29 36 25 35 21 34 38 
33 36 27 35 23 34 19 33 38 
33 36 27 35 23 34 20 33 38 
33 37 28 36 23 35 19 34 38 
33 37 27 36 23 35 19 34 38 
33 37 27 36 23 35 20 34 38 
33 37 28 36 24 35 21 34 38 
33 38 28 37 23 36 20 35 38 
33 38 28 37 23 36 19 35 38 
33 36 27 35 24 34 21 33 38 
33 37 28 36 24 35 20 34 38 
33 37 28 36 24 35 21 34 38 
32 35 28 34 24 33 20 32 38 
32 36 28 35 25 34 22 33 38 
33 37 27 36 24 35 21 34 38 
33 38 28 37 23 36 19 35 38 
33 37 28 36 23 35 19 34 38 
33 38 28 37 24 36 21 35 38 
33 36 27 35 23 34 19 33 38 
33 37 28 36 23 35 18 34 38 
33 37 28 36 23 35 19 34 38 
33 38 28 37 24 36 20 35 38 
33 38 28 37 24 36 21 35 38 
33 37 29 36 24 35 20 34 38 
32 36 28 35 24 34 20 33 38 
33 37 27 36 23 35 19 34 38 
33 35 28 34 24 33 21 32 38 
32 35 28 34 24 33 20 32 38 
33 36 28 35 24 34 20 33 38 
33 37 29 36 24 35 19 34 38 
33 37 29 36 24 35 20 34 38 
34 37 29 36 24 35 20 34 38 
33 38 28 37 23 36 19 35 38 
33 37 28 36 24 35 20 34 38 
33 37 28 36 24 35 20 34 38 
34 36 28 35 24 34 20 33 38 
34 37 29 36 24 35 19 34 38 
34 37 29 36 24 35 20 34 38 
33 38 28 37 23 36 19 35 38 
33 38 28 37 23 36 18 35 38 
34 37 28 36 24 35 20 34 38 
33 38 29 37 24 36 20 35 38 
33 37 29 36 25 35 21 34 38 
32 35 29 34 25 33 22 32 38 
34 36 28 35 24 34 21 33 38 
32 36 28 35 24 34 20 33 38 
32 36 28 35 23 34 20 33 38 
33 38 29 37 24 36 20 35 38 
33 38 29 37 24 36 19 35 38 
34 38 29 37 24 36 20 35 38 
34 37 29 36 25 35 21 34 38 
33 38 28 37 24 36 20 35 38 
32 35 26 34 23 33 20 32 38 
32 35 26 34 22 33 19 32 38 
32 36 28 35 23 34 19 33 38 
32 36 28 35 23 34 20 33 38 
32 36 27 35 22 34 18 33 38 
32 36 27 35 22 34 19 33 38 
34 38 29 37 24 36 20 35 38 
34 38 29 37 24 36 19 35 38 
32 36 27 35 23 34 20 33 38 
32 36 26 35 22 34 19 33 38 
33 37 29 36 24 35 19 34 38 
33 38 29 37 25 36 21 35 38 
33 36 29 35 25 34 21 33 38 
32 34 29 33 26 32 23 31 38 
32 37 28 36 23 35 20 34 38 
32 36 28 35 24 34 21 33 38 
32 36 27 35 23 34 20 33 38 
34 38 29 37 25 36 21 35 38 
32 37 28 36 23 35 20 34 38 
SCORES_TXT_END_0
SCORES_TXT_BEGIN_0 21 86 9 BLEU
24 27 21 26 18 25 15 24 30 
24 27 21 26 17 25 14 24 30 
24 27 21 26 18 25 15 24 30 
24 28 20 27 16 26 13 25 30 
24 28 20 27 16 26 13 25 30 
24 28 20 27 17 26 14 25 30 
25 28 21 27 17 26 13 25 30 
24 27 21 26 18 25 15 24 30 
24 28 20 27 15 26 12 25 30 
24 29 19 28 14 27 10 26 30 
24 28 20 27 16 26 13 25 30 
24 28 20 27 16 26 12 25 30 
25 28 20 27 16 26 13 25 30 
23 27 19 26 16 25 13 24 30 
24 27 20 26 17 25 14 24 30 
24 28 20 27 16 26 13 25 30 
25 29 20 28 16 27 12 26 30 
23 27 19 26 16 25 13 24 30 
25 28 21 27 16 26 12 25 30 
25 27 22 26 17 25 14 24 30 
24 29 19 28 14 27 11 26 30 
24 28 20 27 17 26 14 25 30 
24 29 19 28 15 27 12 26 30 
24 29 19 28 14 27 10 26 30 
24 27 19 26 15 25 12 24 30 
25 28 21 27 17 26 13 25 30 
24 28 20 27 15 26 11 25 30 
25 28 20 27 15 26 12 25 30 
25 29 20 28 15 27 11 26 30 
24 29 19 28 14 27 11 26 30 
24 28 20 27 16 26 12 25 30 
23 27 19 26 15 25 12 24 30 
25 29 20 28 16 27 12 26 30 
23 27 19 26 15 25 12 24 30 
24 27 20 26 17 25 14 24 30 
25 27 21 26 16 25 13 24 30 
24 28 20 27 16 26 13 25 30 
25 28 18 27 14 26 11 25 30 
24 29 19 28 13 27 10 26 30 
24 28 20 27 17 26 14 25 30 
24 29 19 28 14 27 11 26 30 
25 30 19 29 13 28 9 27 30 
25 28 20 27 16 26 12 25 30 
24 28 20 27 16 26 12 25 30 
25 28 20 27 16 26 13 25 30 
24 29 19 28 14 27 11 26 30 
24 29 19 28 14 27 10 26 30 
25 29 19 28 14 27 11 26 30 
26 28 22 27 16 26 12 25 30 
23 27 19 26 16 25 13 24 30 
24 27 19 26 15 25 12 24 30 
24 29 19 28 15 27 11 26 30 
23 27 19 26 16 25 13 24 30 
23 28 18 27 14 26 11 25 30 
24 28 19 27 15 26 12 25 30 
25 29 19 28 13 27 10 26 30 
24 27 21 26 17 25 14 24 30 
25 29 19 28 15 27 12 26 30 
24 29 19 28 14 27 11 26 30 
23 28 18 27 14 26 11 25 30 
25 28 21 27 17 26 13 25 30 
25 29 20 28 14 27 10 26 30 
24 28 20 27 16 26 12 25 30 
24 27 20 26 17 25 14 24 30 
25 28 21 27 15 26 12 25 30 
25 28 20 27 16 26 13 25 30 
24 28 20 27 15 26 11 25 30 
23 28 18 27 15 26 12 25 30 
24 28 19 27 16 26 13 25 30 
24 29 19 28 15 27 12 26 30 
24 28 19 27 15 26 11 25 30 
23 28 18 27 15 26 12 25 30 
25 29 20 28 15 27 11 26 30 
25 28 21 27 16 26 13 25 30 
24 30 18 29 13 28 10 27 30 
23 27 19 26 16 25 13 24 30 
25 29 20 28 15 27 11 26 30 
25 28 20 27 15 26 11 25 30 
24 27 19 26 15 25 12 24 30 
24 28 19 27 15 26 11 25 30 
25 28 18 27 13 26 10 25 30 
24 29 19 28 13 27 9 26 30 
25 28 20 27 16 26 12 25 30 
24 28 20 27 16 26 12 25 30 
25 29 20 28 15 27 11 26 30 
24 29 19 28 13 27 10 26 30 
SCORES_TXT_END_0
SCORES_TXT_BEGIN_0 22 86 9 BLEU
18 21 16 20 14 19 12 18 24 
18 22 16 21 14 20 12 19 24 
18 21 14 20 12 19 10 18 24 
18 22 14 21 12 20 10 19 24 
19 21 16 20 14 19 12 18 24 
19 22 16 21 14 20 12 19 24 
19 21 14 20 12 19 10 18 24 
19 22 14 21 12 20 10 19 24 
18 22 15 21 13 20 11 19 24 
18 23 15 22 13 21 11 20 24 
18 22 16 21 13 20 10 19 24 
20 22 14 21 11 20 9 19 24 
18 22 13 21 11 20 9 19 24 
18 23 13 22 11 21 9 20 24 
18 23 16 22 13 21 10 20 24 
19 22 15 21 10 20 8 19 24 
17 21 14 20 12 19 10 18 24 
18 22 14 21 11 20 8 19 24 
17 20 15 19 13 18 11 17 24 
18 23 14 22 11 21 8 20 24 
19 23 15 22 12 21 9 20 24 
17 22 15 21 12 20 10 19 24 
17 21 15 20 12 19 10 18 24 
19 22 15 21 13 20 11 19 24 
17 21 14 20 11 19 8 18 24 
19 23 15 22 13 21 11 20 24 
17 22 15 21 12 20 8 19 24 
17 21 14 20 11 19 8 18 24 
19 22 16 21 13 20 10 19 24 
17 22 14 21 10 20 7 19 24 
18 21 15 20 11 19 9 18 24 
17 21 15 20 13 19 11 18 24 
19 22 13 21 11 20 9 19 24 
19 23 13 22 11 21 9 20 24 
17 22 15 21 11 20 8 19 24 
19 23 16 22 13 21 10 20 24 
17 22 15 21 11 20 8 19 24 
19 22 16 21 11 20 9 19 24 
18 21 14 20 12 19 10 18 24 
18 21 14 20 11 19 9 18 24 
19 22 15 21 12 20 9 19 24 
17 21 12 20 9 19 6 18 24 
19 22 14 21 11 20 8 19 24 
17 23 15 22 11 21 8 20 24 
17 22 13 21 9 20 6 19 24 
18 21 13 20 9 19 7 18 24 
19 23 14 22 11 21 8 20 24 
20 22 14 21 10 20 7 19 24 
19 22 14 21 10 20 7 19 24 
18 23 15 22 12 21 9 20 24 
19 22 16 21 11 20 8 19 24 
18 22 15 21 12 20 10 19 24 
18 21 15 20 12 19 10 18 24 
19 22 14 21 11 20 9 19 24 
19 23 15 22 12 21 9 20 24 
18 24 15 23 12 22 9 21 24 
17 23 14 22 11 21 7 20 24 
18 21 14 20 11 19 8 18 24 
18 21 12 20 10 19 8 18 24 
19 22 13 21 10 20 7 19 24 
18 22 15 21 12 20 8 19 24 
18 23 16 22 12 21 8 20 24 
19 22 12 21 10 20 8 19 24 
19 23 13 22 10 21 7 20 24 
18 21 14 20 11 19 8 18 24 
17 22 14 21 11 20 9 19 24 
19 21 15 20 11 19 9 18 24 
18 23 13 22 10 21 7 20 24 
19 21 13 20 9 19 7 18 24 
18 21 15 20 13 19 11 18 24 
18 24 13 23 10 22 7 21 24 
18 22 13 21 9 20 6 19 24 
18 24 16 23 12 22 8 21 24 
18 22 15 21 11 20 8 19 24 
17 23 14 22 11 21 9 20 24 
17 22 14 21 11 20 9 19 24 
20 22 16 21 11 20 9 19 24 
18 21 15 20 11 19 8 18 24 
17 22 14 21 11 20 8 19 24 
18 23 14 22 10 21 6 20 24 
19 21 14 20 11 19 9 18 24 
20 22 15 21 12 20 9 19 24 
18 21 12 20 9 19 6 18 24 
18 24 14 23 10 22 6 21 24 
17 22 14 21 10 20 7 19 24 
17 21 13 20 11 19 9 18 24 
SCORES_TXT_END_0
SCORES_TXT_BEGIN_0 23 100 9 BLEU
17 21 15 20 11 19 8 18 24 
17 22 15 21 11 20 8 19 24 
17 22 14 21 10 20 7 19 24 
17 22 15 21 11 20 8 19 24 
17 22 15 21 10 20 6 19 24 
17 21 13 20 9 19 7 18 24 
16 21 14 20 12 19 9 18 24 
16 21 14 20 10 19 7 18 24 
16 21 13 20 8 19 4 18 24 
17 23 14 22 10 21 7 20 24 
17 23 15 22 10 21 6 20 24 
17 23 15 22 11 21 8 20 24 
18 22 13 21 9 20 7 19 24 
17 23 14 22 10 21 7 20 24 
17 23 14 22 9 21 5 20 24 
16 22 15 21 12 20 9 19 24 
18 22 12 21 8 20 6 19 24 
16 22 14 21 11 20 8 19 24 
17 23 15 22 10 21 6 20 24 
18 22 13 21 8 20 5 19 24 
18 22 13 21 9 20 7 19 24 
16 22 14 21 11 20 7 19 24 
16 22 13 21 9 20 6 19 24 
16 22 14 21 8 20 4 19 24 
17 21 14 20 10 19 7 18 24 
17 21 14 20 8 19 4 18 24 
16 21 13 20 10 19 8 18 24 
16 21 14 20 11 19 8 18 24 
16 22 13 21 7 20 3 19 24 
16 22 14 21 9 20 5 19 24 
16 22 14 21 10 20 7 19 24 
18 22 14 21 10 20 7 19 24 
18 22 14 21 9 20 5 19 24 
16 21 12 20 8 19 6 18 24 
16 22 13 21 8 20 4 19 24 
15 21 13 20 11 19 8 18 24 
17 24 14 23 9 22 5 21 24 
17 24 14 23 10 22 7 21 24 
16 21 12 20 6 19 4 18 24 
18 23 12 22 8 21 6 20 24 
16 21 13 20 9 19 6 18 24 
15 21 12 20 9 19 5 18 24 
16 23 14 22 11 21 8 20 24 
17 24 15 23 10 22 6 21 24 
18 23 13 22 8 21 5 20 24 
18 23 13 22 9 21 7 20 24 
16 21 14 20 10 19 7 18 24 
17 24 14 23 9 22 5 21 24 
16 23 15 22 11 21 7 20 24 
15 21 12 20 7 19 3 18 24 
18 22 15 21 10 20 7 19 24 
18 22 15 21 8 20 4 19 24 
16 21 13 20 10 19 7 18 24 
17 21 14 20 10 19 8 18 24 
18 23 12 22 7 21 4 20 24 
18 23 12 22 8 21 6 20 24 
17 22 14 21 10 20 8 19 24 
16 22 15 21 11 20 8 19 24 
17 22 15 21 11 20 8 19 24 
16 21 13 20 9 19 6 18 24 
16 23 14 22 10 21 6 20 24 
16 23 13 22 7 21 3 20 24 
18 22 14 21 9 20 6 19 24 
18 22 14 21 7 20 3 19 24 
16 21 13 20 8 19 4 18 24 
18 23 14 22 10 21 7 20 24 
18 23 14 22 9 21 5 20 24 
17 22 13 21 9 20 7 19 24 
18 23 13 22 8 21 5 20 24 
16 22 14 21 10 20 7 19 24 
16 23 13 22 8 21 4 20 24 
16 23 13 22 9 21 6 20 24 
16 23 14 22 8 21 4 20 24 
18 22 14 21 9 20 5 19 24 
18 22 14 21 8 20 4 19 24 
18 23 13 22 9 21 6 20 24 
18 23 13 22 8 21 4 20 24 
16 21 12 20 7 19 3 18 24 
17 22 13 21 9 20 6 19 24 
16 22 14 21 10 20 6 19 24 
17 22 11 21 7 20 5 19 24 
17 22 13 21 6 20 4 19 24 
16 21 12 20 8 19 6 18 24 
16 21 12 20 6 19 3 18 24 
16 22 13 21 9 20 6 19 24 
16 23 13 22 7 21 3 20 24 
15 22 13 21 10 20 7 19 24 
17 22 15 21 11 20 8 19 24 
16 21 12 20 9 19 7 18 24 
15 22 13 21 9 20 5 19 24 
16 23 14 22 9 21 5 20 24 
16 21 13 20 9 19 5 18 24 
17 22 15 21 11 20 8 19 24 
18 23 14 22 9 21 5 20 24 
18 23 14 22 9 21 5 20 24 
16 21 13 20 10 19 8 18 24 
17 22 12 21 5 20 3 19 24 
17 22 12 21 7 20 4 19 24 
17 22 12 21 8 20 6 19 24 
16 21 13 20 10 19 8 18 24 
SCORES_TXT_END_0
SCORES_TXT_BEGIN_0 24 86 9 BLEU
27 29 24 28 21 27 19 26 32 
28 30 23 29 19 28 16 27 32 
27 30 23 29 20 28 18 27 32 
27 30 23 29 19 28 16 27 32 
26 29 23 28 20 27 18 26 32 
26 30 23 29 20 28 18 27 32 
27 30 24 29 21 28 19 27 32 
28 31 22 30 18 29 15 28 32 
28 31 22 30 17 29 14 28 32 
27 30 22 29 18 28 15 27 32 
27 30 24 29 20 28 17 27 32 
26 31 22 30 17 29 13 28 32 
27 31 22 30 18 29 15 28 32 
28 31 23 30 19 29 16 28 32 
26 29 22 28 18 27 16 26 32 
28 31 23 30 18 29 14 28 32 
28 33 21 32 16 31 13 30 32 
27 30 23 29 19 28 16 27 32 
27 31 22 30 18 29 15 28 32 
26 30 22 29 18 28 15 27 32 
26 31 22 30 18 29 15 28 32 
27 31 23 30 20 29 18 28 32 
27 31 23 30 19 29 16 28 32 
26 30 23 29 20 28 18 27 32 
26 31 23 30 20 29 18 28 32 
27 30 21 29 16 28 13 27 32 
26 29 22 28 18 27 15 26 32 
28 32 21 31 16 30 13 29 32 
27 31 21 30 16 29 13 28 32 
27 31 23 30 19 29 16 28 32 
27 30 21 29 17 28 14 27 32 
27 31 23 30 18 29 14 28 32 
27 32 22 31 17 30 13 29 32 
27 32 21 31 16 30 13 29 32 
28 32 22 31 18 30 15 29 32 
28 32 22 31 17 30 14 29 32 
26 30 23 29 19 28 16 27 32 
26 30 23 29 18 28 15 27 32 
27 31 22 30 18 29 15 28 32 
26 31 23 30 19 29 16 28 32 
27 31 23 30 18 29 14 28 32 
27 31 24 30 20 29 17 28 32 
25 30 22 29 17 28 14 27 32 
27 32 22 31 18 30 15 29 32 
27 29 22 28 18 27 15 26 32 
26 29 23 28 21 27 19 26 32 
26 30 22 29 17 28 15 27 32 
26 30 22 29 16 28 13 27 32 
27 30 21 29 16 28 12 27 32 
25 29 21 28 17 27 15 26 32 
28 30 21 29 17 28 14 27 32 
25 30 22 29 17 28 15 27 32 
26 30 23 29 19 28 16 27 32 
28 32 22 31 17 30 13 29 32 
28 32 23 31 17 30 12 29 32 
28 32 22 31 16 30 12 29 32 
25 29 21 28 17 27 14 26 32 
27 31 22 30 18 29 15 28 32 
27 31 22 30 18 29 15 28 32 
27 31 22 30 17 29 13 28 32 
26 30 22 29 16 28 12 27 32 
26 30 22 29 18 28 15 27 32 
27 31 24 30 19 29 15 28 32 
27 32 22 31 17 30 13 29 32 
26 30 22 29 17 28 14 27 32 
26 31 22 30 18 29 15 28 32 
28 32 23 31 18 30 14 29 32 
27 31 22 30 17 29 13 28 32 
27 31 23 30 19 29 16 28 32 
27 30 21 29 16 28 13 27 32 
26 29 22 28 19 27 17 26 32 
27 32 22 31 18 30 15 29 32 
27 29 22 28 19 27 17 26 32 
26 31 22 30 18 29 15 28 32 
27 30 22 29 19 28 16 27 32 
26 32 22 31 18 30 15 29 32 
26 29 22 28 18 27 15 26 32 
27 29 21 28 17 27 14 26 32 
27 31 21 30 15 29 12 28 32 
27 31 21 30 14 29 11 28 32 
26 29 22 28 19 27 17 26 32 
26 30 20 29 15 28 12 27 32 
27 30 22 29 20 28 17 27 32 
27 29 23 28 18 27 15 26 32 
26 30 22 29 17 28 14 27 32 
26 31 21 30 15 29 12 28 32 
SCORES_TXT_END_0
SCORES_TXT_BEGIN_0 25 90 9 BLEU
22 27 17 26 13 25 10 24 32 
23 28 16 27 11 26 8 25 32 
23 28 17 27 12 26 8 25 32 
22 28 16 27 11 26 6 25 32 
22 28 17 27 13 26 10 25 32 
22 27 17 26 13 25 10 24 32 
21 27 16 26 12 25 8 24 32 
22 28 16 27 12 26 9 25 32 
21 27 16 26 11 25 6 24 32 
23 29 16 28 10 27 6 26 32 
21 27 15 26 11 25 8 24 32 
23 29 16 28 11 27 8 26 32 
23 28 16 27 11 26 8 25 32 
22 28 16 27 10 26 6 25 32 
23 29 15 28 11 27 8 26 32 
22 28 16 27 12 26 9 25 32 
23 29 17 28 11 27 6 26 32 
22 27 17 26 13 25 10 24 32 
23 29 17 28 12 27 8 26 32 
22 29 16 28 11 27 6 26 32 
23 28 17 27 12 26 8 25 32 
23 28 17 27 12 26 8 25 32 
21 27 15 26 10 25 7 24 32 
22 28 17 27 13 26 10 25 32 
21 27 16 26 10 25 6 24 32 
22 28 16 27 11 26 6 25 32 
22 28 16 27 9 26 4 25 32 
22 27 16 26 13 25 10 24 32 
21 28 16 27 12 26 8 25 32 
21 27 16 26 12 25 8 24 32 
23 29 16 28 11 27 7 26 32 
23 28 16 27 12 26 8 25 32 
22 27 16 26 13 25 10 24 32 
22 28 16 27 12 26 9 25 32 
21 27 16 26 11 25 7 24 32 
22 28 16 27 11 26 7 25 32 
21 28 15 27 11 26 7 25 32 
22 28 16 27 11 26 7 25 32 
22 28 16 27 10 26 4 25 32 
23 29 15 28 11 27 8 26 32 
21 28 16 27 11 26 6 25 32 
22 27 16 26 12 25 9 24 32 
21 27 16 26 11 25 6 24 32 
23 30 16 29 9 28 4 27 32 
21 27 15 26 10 25 6 24 32 
23 28 16 27 11 26 8 25 32 
23 30 16 29 10 28 6 27 32 
23 28 16 27 12 26 8 25 32 
23 29 16 28 10 27 6 26 32 
21 27 16 26 10 25 6 24 32 
22 27 17 26 13 25 10 24 32 
23 29 16 28 11 27 8 26 32 
22 27 16 26 13 25 10 24 32 
20 27 14 26 10 25 4 24 32 
22 27 16 26 12 25 9 24 32 
21 27 16 26 13 25 10 24 32 
22 28 16 27 8 26 4 25 32 
22 29 16 28 9 27 4 26 32 
21 28 15 27 10 26 5 25 32 
23 28 15 27 11 26 8 25 32 
22 29 16 28 10 27 6 26 32 
22 28 16 27 10 26 6 25 32 
23 30 15 29 10 28 6 27 32 
21 27 16 26 12 25 8 24 32 
23 29 16 28 11 27 7 26 32 
22 29 16 28 8 27 2 26 32 
23 28 15 27 11 26 8 25 32 
23 29 15 28 11 27 8 26 32 
22 28 16 27 9 26 5 25 32 
22 28 16 27 12 26 9 25 32 
23 28 17 27 12 26 8 25 32 
23 28 17 27 12 26 8 25 32 
23 29 15 28 9 27 5 26 32 
23 30 17 29 11 28 6 27 32 
23 29 17 28 11 27 6 26 32 
21 27 15 26 10 25 7 24 32 
22 28 17 27 13 26 10 25 32 
22 28 15 27 9 26 5 25 32 
21 28 16 27 10 26 6 25 32 
23 29 17 28 12 27 8 26 32 
23 29 15 28 9 27 5 26 32 
20 27 14 26 10 25 7 24 32 
21 27 16 26 12 25 9 24 32 
21 28 15 27 10 26 7 25 32 
22 29 15 28 10 27 6 26 32 
21 27 15 26 10 25 7 24 32 
21 28 15 27 11 26 7 25 32 
21 27 16 26 12 25 9 24 32 
22 28 16 27 9 26 4 25 32 
22 27 16 26 13 25 10 24 32 
SCORES_TXT_END_0
SCORES_TXT_BEGIN_0 26 86 9 BLEU
21 23 19 22 17 21 16 20 26 
21 24 18 23 15 22 13 21 26 
22 24 18 23 15 22 13 21 26 
22 25 17 24 13 23 11 22 26 
21 24 18 23 15 22 13 21 26 
21 25 17 24 13 23 10 22 26 
22 25 17 24 13 23 10 22 26 
21 24 19 23 16 22 14 21 26 
22 26 16 25 11 24 8 23 26 
20 23 17 22 15 21 14 20 26 
22 26 16 25 11 24 8 23 26 
20 23 17 22 14 21 12 20 26 
21 25 18 24 14 23 11 22 26 
21 25 18 24 14 23 11 22 26 
22 25 18 24 14 23 11 22 26 
20 24 17 23 13 22 11 21 26 
20 23 17 22 14 21 12 20 26 
20 24 17 23 14 22 12 21 26 
20 24 17 23 13 22 11 21 26 
20 24 17 23 12 22 9 21 26 
21 24 16 23 13 22 11 21 26 
21 24 16 23 13 22 11 21 26 
20 23 17 22 14 21 12 20 26 
22 26 17 25 12 24 9 23 26 
21 25 18 24 14 23 11 22 26 
20 24 16 23 12 22 9 21 26 
21 25 18 24 14 23 11 22 26 
21 25 18 24 14 23 11 22 26 
20 25 16 24 12 23 9 22 26 
21 24 16 23 12 22 9 21 26 
21 25 16 24 12 23 9 22 26 
21 25 16 24 11 23 9 22 26 
21 25 16 24 11 23 9 22 26 
20 24 16 23 12 22 9 21 26 
21 23 17 22 14 21 13 20 26 
21 23 17 22 14 21 12 20 26 
21 24 16 23 12 22 9 21 26 
20 24 17 23 13 22 11 21 26 
20 23 17 22 14 21 12 20 26 
21 24 19 23 16 22 14 21 26 
20 24 17 23 12 22 9 21 26 
21 26 17 25 12 24 8 23 26 
20 24 17 23 13 22 10 21 26 
21 25 15 24 10 23 7 22 26 
22 26 17 25 12 24 8 23 26 
21 25 16 24 12 23 9 22 26 
21 26 15 25 10 24 7 23 26 
22 24 18 23 15 22 13 21 26 
22 24 18 23 15 22 13 21 26 
21 25 19 24 15 23 12 22 26 
22 24 17 23 12 22 10 21 26 
22 24 17 23 12 22 9 21 26 
21 25 15 24 10 23 7 22 26 
21 24 16 23 12 22 10 21 26 
20 24 16 23 12 22 9 21 26 
20 25 16 24 11 23 8 22 26 
21 25 18 24 15 23 13 22 26 
20 25 16 24 10 23 6 22 26 
21 25 16 24 11 23 8 22 26 
21 24 16 23 12 22 10 21 26 
21 25 16 24 11 23 8 22 26 
20 24 17 23 14 22 12 21 26 
22 27 16 26 10 25 6 24 26 
20 23 17 22 14 21 13 20 26 
20 24 17 23 13 22 10 21 26 
22 25 17 24 13 23 10 22 26 
22 24 16 23 13 22 11 21 26 
21 26 18 25 13 24 9 23 26 
20 23 17 22 15 21 14 20 26 
22 25 17 24 13 23 10 22 26 
21 25 16 24 12 23 9 22 26 
22 26 18 25 13 24 9 23 26 
22 25 16 24 10 23 8 22 26 
20 25 17 24 11 23 7 22 26 
21 26 15 25 9 24 6 23 26 
19 23 15 22 12 21 10 20 26 
20 23 17 22 14 21 12 20 26 
20 24 17 23 13 22 10 21 26 
20 24 17 23 14 22 12 21 26 
20 22 17 21 14 20 12 19 26 
21 26 15 25 9 24 6 23 26 
20 25 17 24 13 23 10 22 26 
22 24 17 23 12 22 9 21 26 
20 25 17 24 12 23 9 22 26 
20 23 17 22 14 21 12 20 26 
22 24 17 23 12 22 10 21 26 
SCORES_TXT_END_0
SCORES_TXT_BEGIN_0 27 93 9 BLEU
16 22 11 21 7 20 5 19 26 
17 23 11 22 5 21 3 20 26 
16 22 11 21 7 20 5 19 26 
17 23 11 22 5 21 3 20 26 
17 23 11 22 6 21 3 20 26 
16 23 11 22 7 21 5 20 26 
15 22 9 21 5 20 3 19 26 
17 24 11 23 4 22 1 21 26 
17 24 11 23 5 22 3 21 26 
17 23 11 22 6 21 3 20 26 
16 23 11 22 7 21 5 20 26 
16 23 9 22 3 21 1 20 26 
16 21 11 20 7 19 5 18 26 
16 22 10 21 7 20 5 19 26 
15 22 9 21 5 20 3 19 26 
17 24 11 23 4 22 1 21 26 
17 24 11 23 5 22 3 21 26 
16 21 11 20 7 19 5 18 26 
16 22 12 21 7 20 5 19 26 
17 22 11 21 5 20 3 19 26 
17 23 10 22 5 21 3 20 26 
16 23 9 22 3 21 1 20 26 
15 22 9 21 4 20 2 19 26 
15 22 9 21 4 20 2 19 26 
16 23 11 22 6 21 4 20 26 
17 22 11 21 5 20 3 19 26 
17 23 12 22 5 21 3 20 26 
16 23 10 22 5 21 2 20 26 
16 23 9 22 2 21 0 20 26 
17 24 11 23 6 22 3 21 26 
15 22 9 21 4 20 2 19 26 
17 24 11 23 5 22 3 21 26 
15 22 9 21 4 20 2 19 26 
16 23 11 22 6 21 4 20 26 
17 24 10 23 3 22 0 21 26 
15 23 9 22 5 21 3 20 26 
16 23 10 22 5 21 2 20 26 
16 21 11 20 7 19 5 18 26 
17 25 11 24 4 23 1 22 26 
16 22 10 21 7 20 5 19 26 
16 23 9 22 2 21 0 20 26 
17 24 11 23 6 22 3 21 26 
17 24 11 23 5 22 3 21 26 
16 22 12 21 7 20 5 19 26 
16 21 11 20 7 19 5 18 26 
17 22 11 21 6 20 3 19 26 
17 23 10 22 6 21 3 20 26 
16 24 9 23 3 22 1 21 26 
16 22 11 21 7 20 5 19 26 
14 22 9 21 5 20 2 19 26 
16 23 10 22 6 21 4 20 26 
17 24 10 23 3 22 0 21 26 
17 22 11 21 5 20 3 19 26 
16 23 10 22 7 21 5 20 26 
15 23 9 22 5 21 3 20 26 
17 23 10 22 5 21 3 20 26 
17 25 11 24 4 23 1 22 26 
17 22 11 21 6 20 3 19 26 
17 23 12 22 5 21 3 20 26 
16 22 11 21 7 20 5 19 26 
15 21 9 20 5 19 3 18 26 
17 22 11 21 5 20 3 19 26 
15 22 9 21 5 20 3 19 26 
17 23 12 22 6 21 3 20 26 
17 23 11 22 4 21 1 20 26 
17 24 10 23 4 22 1 21 26 
16 23 12 22 7 21 5 20 26 
17 23 11 22 5 21 3 20 26 
15 23 9 22 3 21 0 20 26 
17 24 10 23 5 22 3 21 26 
16 22 10 21 6 20 4 19 26 
17 24 10 23 5 22 3 21 26 
16 22 10 21 7 20 5 19 26 
16 22 11 21 7 20 5 19 26 
15 22 9 21 4 20 2 19 26 
16 24 9 23 3 22 1 21 26 
15 23 9 22 4 21 2 20 26 
15 21 9 20 5 19 3 18 26 
16 23 9 22 3 21 0 20 26 
14 22 9 21 5 20 2 19 26 
16 22 11 21 7 20 5 19 26 
16 23 10 22 6 21 4 20 26 
17 24 11 23 5 22 2 21 26 
17 23 11 22 4 21 1 20 26 
15 23 9 22 4 21 2 20 26 
15 22 10 21 5 20 3 19 26 
17 23 11 22 5 21 3 20 26 
16 22 9 21 3 20 1 19 26 
16 23 9 22 3 21 1 20 26 
16 22 10 21 7 20 5 19 26 
17 24 12 23 4 22 1 21 26 
16 23 10 22 5 21 3 20 26 
17 24 12 23 5 22 3 21 26 
SCORES_TXT_END_0
SCORES_TXT_BEGIN_0 28 96 9 BLEU
11 23 7 22 3 21 2 20 17 
12 24 7 23 3 22 2 21 17 
11 24 6 23 2 22 1 21 17 
12 25 6 24 2 23 1 22 17 
11 24 7 23 3 22 2 21 17 
11 23 6 22 3 21 2 20 17 
12 25 7 24 3 23 2 22 17 
11 24 7 23 3 22 2 21 17 
10 23 5 22 1 21 0 20 17 
10 24 5 23 1 22 0 21 17 
12 24 6 23 3 22 2 21 17 
12 23 7 22 3 21 2 20 17 
11 25 6 24 2 23 1 22 17 
11 24 5 23 1 22 0 21 17 
11 25 5 24 1 23 0 22 17 
11 23 6 22 2 21 1 20 17 
12 24 7 23 3 22 2 21 17 
12 24 7 23 3 22 2 21 17 
11 24 5 23 2 22 1 21 17 
12 26 6 25 2 24 1 23 17 
12 24 6 23 3 22 2 21 17 
12 24 6 23 2 22 1 21 17 
12 25 7 24 3 23 2 22 17 
11 25 6 24 2 23 1 22 17 
12 25 5 24 2 23 1 22 17 
12 24 6 23 2 22 1 21 17 
11 23 6 22 3 21 2 20 17 
12 23 7 22 4 21 2 20 17 
11 25 7 24 3 23 2 22 17 
10 24 5 23 1 22 0 21 17 
12 25 6 24 2 23 1 22 17 
10 25 5 24 1 23 0 22 17 
11 23 5 22 1 21 0 20 17 
11 24 5 23 1 22 0 21 17 
12 25 6 24 2 23 1 22 17 
11 23 7 22 3 21 2 20 17 
11 23 7 22 3 21 2 20 17 
12 24 7 23 4 22 2 21 17 
11 24 6 23 3 22 2 21 17 
10 23 4 22 1 21 0 20 17 
10 24 4 23 1 22 0 21 17 
11 23 6 22 2 21 1 20 17 
12 25 5 24 2 23 1 22 17 
11 25 5 24 1 23 0 22 17 
12 26 6 25 2 24 1 23 17 
11 26 5 25 1 24 0 23 17 
12 24 5 23 1 22 0 21 17 
11 24 6 23 2 22 1 21 17 
12 25 5 24 1 23 0 22 17 
11 23 6 22 3 21 2 20 17 
10 24 5 23 1 22 0 21 17 
10 23 5 22 1 21 0 20 17 
10 25 5 24 1 23 0 22 17 
11 23 6 22 3 21 2 20 17 
12 24 7 23 3 22 2 21 17 
12 24 7 23 3 22 2 21 17 
11 24 4 23 1 22 0 21 17 
11 24 5 23 2 22 1 21 17 
11 25 4 24 1 23 0 22 17 
12 24 7 23 3 22 2 21 17 
11 23 5 22 1 21 0 20 17 
10 23 5 22 2 21 1 20 17 
12 24 6 23 2 22 1 21 17 
12 24 6 23 3 22 1 21 17 
11 24 5 23 1 22 0 21 17 
11 23 6 22 1 21 0 20 17 
12 25 6 24 3 23 2 22 17 
12 25 6 24 2 23 1 22 17 
11 23 6 22 3 21 2 20 17 
11 26 6 25 2 24 1 23 17 
12 24 6 23 3 22 2 21 17 
11 24 5 23 1 22 0 21 17 
11 23 6 22 3 21 2 20 17 
12 24 6 23 3 22 2 21 17 
11 24 6 23 2 22 1 21 17 
11 24 5 23 1 22 0 21 17 
12 25 7 24 3 23 2 22 17 
11 24 6 23 3 22 2 21 17 
11 25 5 24 1 23 0 22 17 
12 24 6 23 3 22 2 21 17 
11 24 6 23 2 22 1 21 17 
11 24 5 23 1 22 0 21 17 
11 24 5 23 2 22 1 21 17 
11 24 6 23 2 22 1 21 17 
12 25 6 24 3 23 1 22 17 
11 25 5 24 1 23 0 22 17 
11 25 5 24 2 23 1 22 17 
11 24 6 23 3 22 2 21 17 
12 25 7 24 3 23 2 22 17 
12 23 6 22 2 21 1 20 17 
11 23 6 22 3 21 2 20 17 
10 22 5 21 1 20 0 19 17 
12 24 6 23 1 22 0 21 17 
12 24 6 23 3 22 2 21 17 
11 23 6 22 3 21 2 20 17 
12 24 6 23 3 22 2 21 17 
SCORES_TXT_END_0
SCORES_TXT_BEGIN_0 29 71 9 BLEU
9 22 4 21 0 20 0 19 17 
8 22 3 21 0 20 0 19 17 
9 23 4 22 0 21 0 20 17 
8 23 3 22 0 21 0 20 17 
9 23 4 22 0 21 0 20 17 
8 21 3 20 0 19 0 18 17 
8 22 2 21 0 20 0 19 17 
8 21 3 20 0 19 0 18 17 
8 23 3 22 0 21 0 20 17 
8 22 4 21 0 20 0 19 17 
9 23 4 22 0 21 0 20 17 
9 21 5 20 1 19 0 18 17 
9 22 4 21 1 20 0 19 17 
8 23 3 22 0 21 0 20 17 
9 22 5 21 0 20 0 19 17 
9 21 4 20 0 19 0 18 17 
8 22 3 21 0 20 0 19 17 
8 23 2 22 0 21 0 20 17 
8 22 3 21 0 20 0 19 17 
8 23 4 22 0 21 0 20 17 
9 22 3 21 0 20 0 19 17 
9 22 4 21 0 20 0 19 17 
9 22 3 21 0 20 0 19 17 
8 22 3 21 0 20 0 19 17 
9 22 4 21 0 20 0 19 17 
8 23 2 22 0 21 0 20 17 
9 22 3 21 0 20 0 19 17 
8 22 2 21 0 20 0 19 17 
9 22 4 21 0 20 0 19 17 
9 22 3 21 0 20 0 19 17 
8 22 3 21 0 20 0 19 17 
9 22 3 21 0 20 0 19 17 
8 23 4 22 0 21 0 20 17 
8 22 2 21 0 20 0 19 17 
8 22 3 21 0 20 0 19 17 
8 22 3 21 0 20 0 19 17 
8 22 3 21 0 20 0 19 17 
8 22 3 21 0 20 0 19 17 
8 22 3 21 0 20 0 19 17 
8 22 4 21 1 20 0 19 17 
8 22 3 21 0 20 0 19 17 
8 22 2 21 0 20 0 19 17 
9 22 3 21 0 20 0 19 17 
8 22 2 21 0 20 0 19 17 
9 22 5 21 1 20 0 19 17 
8 22 3 21 0 20 0 19 17 
9 23 4 22 1 21 0 20 17 
8 22 2 21 0 20 0 19 17 
9 22 4 21 0 20 0 19 17 
9 22 2 21 0 20 0 19 17 
9 22 3 21 0 20 0 19 17 
9 23 5 22 0 21 0 20 17 
9 23 4 22 0 21 0 20 17 
9 22 3 21 0 20 0 19 17 
8 21 3 20 0 19 0 18 17 
8 22 3 21 0 20 0 19 17 
9 22 4 21 0 20 0 19 17 
8 23 2 22 0 21 0 20 17 
8 22 2 21 0 20 0 19 17 
9 22 2 21 0 20 0 19 17 
9 22 5 21 1 20 0 19 17 
7 22 2 21 0 20 0 19 17 
9 23 4 22 1 21 0 20 17 
8 22 3 21 0 20 0 19 17 
8 22 3 21 0 20 0 19 17 
8 22 2 21 0 20 0 19 17 
8 23 4 22 0 21 0 20 17 
8 23 3 22 0 21 0 20 17 
8 22 2 21 0 20 0 19 17 
9 23 5 22 0 21 0 20 17 
9 23 4 22 0 21 0 20 17 
SCORES_TXT_END_0
SCORES_TXT_BEGIN_0 30 46 9 BLEU
10 14 7 13 4 12 2 11 16 
10 14 5 13 2 12 0 11 16 
10 15 7 14 4 13 2 12 16 
9 14 6 13 3 12 2 11 16 
10 14 6 13 3 12 2 11 16 
10 14 6 13 4 12 2 11 16 
10 15 5 14 2 13 0 12 16 
9 14 4 13 1 12 0 11 16 
10 14 4 13 1 12 0 11 16 
11 15 6 14 3 13 2 12 16 
10 14 4 13 2 12 0 11 16 
10 15 6 14 4 13 2 12 16 
9 14 5 13 3 12 2 11 16 
9 14 5 13 3 12 2 11 16 
10 14 5 13 3 12 2 11 16 
11 15 4 14 1 13 0 12 16 
10 15 4 14 2 13 0 12 16 
9 14 6 13 3 12 2 11 16 
9 14 3 13 1 12 0 11 16 
9 14 3 13 1 12 0 11 16 
9 14 5 13 2 12 0 11 16 
10 14 3 13 1 12 0 11 16 
11 15 5 14 3 13 2 12 16 
10 14 5 13 3 12 2 11 16 
9 14 4 13 3 12 2 11 16 
9 14 4 13 1 12 0 11 16 
10 14 7 13 4 12 2 11 16 
11 14 9 13 7 12 5 11 16 
10 15 6 14 3 13 2 12 16 
9 15 5 14 2 13 0 12 16 
10 15 6 14 3 13 2 12 16 
10 14 6 13 4 12 2 11 16 
8 14 4 13 1 12 0 11 16 
11 14 7 13 5 12 3 11 16 
11 15 3 14 1 13 0 12 16 
9 14 6 13 4 12 2 11 16 
9 14 5 13 3 12 2 11 16 
10 15 6 14 3 13 2 12 16 
10 15 6 14 3 13 2 12 16 
9 14 5 13 3 12 2 11 16 
10 14 3 13 1 12 0 11 16 
9 14 2 13 1 12 0 11 16 
11 15 5 14 3 13 2 12 16 
10 14 6 13 4 12 2 11 16 
9 14 4 13 1 12 0 11 16 
10 14 5 13 2 12 0 11 16 
SCORES_TXT_END_0
SCORES_TXT_BEGIN_0 31 58 9 BLEU
8 13 5 12 2 11 0 10 16 
8 13 3 12 1 11 0 10 16 
8 14 5 13 2 12 0 11 16 
7 13 4 12 1 11 0 10 16 
8 13 4 12 1 11 0 10 16 
8 14 3 13 1 12 0 11 16 
7 13 2 12 0 11 0 10 16 
8 13 4 12 2 11 0 10 16 
8 13 2 12 0 11 0 10 16 
9 14 4 13 1 12 0 11 16 
7 13 3 12 1 11 0 10 16 
8 13 2 12 1 11 0 10 16 
8 14 4 13 2 12 0 11 16 
7 13 3 12 1 11 0 10 16 
9 14 2 13 0 12 0 11 16 
7 13 4 12 1 11 0 10 16 
7 13 1 12 0 11 0 10 16 
8 13 3 12 1 11 0 10 16 
7 13 3 12 1 11 0 10 16 
8 14 2 13 1 12 0 11 16 
7 13 1 12 0 11 0 10 16 
8 13 3 12 1 11 0 10 16 
7 13 2 12 0 11 0 10 16 
8 13 5 12 2 11 0 10 16 
9 13 7 12 5 11 3 10 16 
8 13 1 12 0 11 0 10 16 
9 14 3 13 1 12 0 11 16 
8 14 4 13 1 12 0 11 16 
7 14 3 13 1 12 0 11 16 
8 14 4 13 1 12 0 11 16 
7 13 2 12 1 11 0 10 16 
6 13 2 12 0 11 0 10 16 
7 13 4 12 2 11 0 10 16 
7 13 3 12 1 11 0 10 16 
8 14 4 13 1 12 0 11 16 
8 14 4 13 1 12 0 11 16 
8 13 1 12 0 11 0 10 16 
9 14 3 13 1 12 0 11 16 
7 13 2 12 0 11 0 10 16 
8 13 4 12 2 11 0 10 16 
8 13 3 12 1 11 0 10 16 
8 14 5 13 2 12 0 11 16 
9 13 5 12 3 11 1 10 16 
9 13 5 12 4 11 3 10 16 
9 14 7 13 5 12 3 11 16 
9 14 1 13 0 12 0 11 16 
8 14 2 13 0 12 0 11 16 
8 14 2 13 0 12 0 11 16 
8 15 4 14 1 13 0 12 16 
7 13 3 12 1 11 0 10 16 
8 13 4 12 1 11 0 10 16 
8 14 5 13 2 12 0 11 16 
9 13 5 12 2 11 0 10 16 
7 13 4 12 1 11 0 10 16 
7 13 3 12 1 11 0 10 16 
8 14 5 13 2 12 0 11 16 
8 13 6 12 4 11 2 10 16 
7 13 0 12 0 11 0 10 16 
SCORES_TXT_END_0
SCORES_TXT_BEGIN_0 32 45 9 BLEU
10 14 6 13 4 12 3 11 16 
10 14 5 13 4 12 3 11 16 
10 14 4 13 2 12 1 11 16 
10 15 6 14 4 13 3 12 16 
10 15 5 14 3 13 2 12 16 
10 14 3 13 2 12 1 11 16 
10 15 5 14 4 13 3 12 16 
10 15 4 14 2 13 1 12 16 
10 15 4 14 3 13 2 12 16 
10 15 3 14 1 13 0 12 16 
10 15 5 14 3 13 2 12 16 
10 15 3 14 2 13 1 12 16 
10 14 6 13 4 12 3 11 16 
11 14 6 13 4 12 3 11 16 
10 15 2 14 1 13 0 12 16 
10 15 4 14 3 13 2 12 16 
10 15 3 14 1 13 0 12 16 
10 14 5 13 3 12 2 11 16 
10 14 5 13 4 12 3 11 16 
9 14 4 13 2 12 1 11 16 
9 14 5 13 4 12 3 11 16 
10 14 5 13 4 12 3 11 16 
10 14 4 13 2 12 1 11 16 
11 14 5 13 4 12 3 11 16 
11 14 4 13 2 12 1 11 16 
10 15 2 14 1 13 0 12 16 
10 14 4 13 3 12 2 11 16 
10 14 3 13 1 12 0 11 16 
10 15 6 14 4 13 3 12 16 
10 14 3 13 2 12 1 11 16 
9 14 3 13 2 12 1 11 16 
9 14 3 13 2 12 1 11 16 
10 15 6 14 4 13 3 12 16 
10 15 5 14 3 13 2 12 16 
11 15 6 14 4 13 3 12 16 
10 15 5 14 3 13 2 12 16 
10 14 3 13 2 12 1 11 16 
11 15 5 14 3 13 2 12 16 
11 14 3 13 2 12 1 11 16 
10 15 5 14 4 13 3 12 16 
9 15 4 14 2 13 1 12 16 
9 15 5 14 4 13 3 12 16 
10 15 5 14 3 13 2 12 16 
10 14 2 13 1 12 0 11 16 
10 15 4 14 2 13 1 12 16 
SCORES_TXT_END_0
SCORES_TXT_BEGIN_0 33 93 9 BLEU
27 28 24 27 21 26 18 25 32 
28 29 23 28 19 27 15 26 32 
27 29 23 28 20 27 17 26 32 
26 28 23 27 20 26 17 25 32 
27 29 23 28 19 27 16 26 32 
26 29 23 28 20 27 17 26 32 
27 29 24 28 21 27 18 26 32 
28 30 22 29 18 28 14 27 32 
27 29 22 28 18 27 14 26 32 
28 30 22 29 17 28 13 27 32 
27 30 22 29 18 28 14 27 32 
28 30 23 29 19 28 15 27 32 
27 30 22 29 18 28 15 27 32 
28 29 23 28 19 27 15 26 32 
27 30 23 29 20 28 17 27 32 
26 29 22 28 18 27 15 26 32 
26 29 23 28 20 27 17 26 32 
26 30 22 29 18 28 15 27 32 
27 30 23 29 19 28 16 27 32 
26 30 23 29 20 28 17 27 32 
27 28 22 27 19 26 16 25 32 
26 28 22 27 19 26 16 25 32 
28 31 21 30 16 29 12 28 32 
28 30 22 29 17 28 12 27 32 
28 31 22 30 18 29 14 28 32 
27 30 21 29 16 28 12 27 32 
26 28 22 27 18 26 15 25 32 
27 30 22 29 18 28 14 27 32 
27 31 21 30 16 29 12 28 32 
26 28 23 27 20 26 17 25 32 
28 31 22 30 17 29 13 28 32 
27 31 22 30 18 29 14 28 32 
27 29 21 28 17 27 13 26 32 
27 29 23 28 19 27 15 26 32 
28 31 22 30 18 29 14 28 32 
25 27 22 26 19 25 16 24 32 
28 30 22 29 18 28 14 27 32 
27 29 22 28 18 27 14 26 32 
25 28 22 27 19 26 16 25 32 
28 30 22 29 17 28 13 27 32 
27 30 22 29 18 28 14 27 32 
27 29 21 28 17 27 13 26 32 
27 31 22 30 18 29 15 28 32 
28 30 23 29 19 28 15 27 32 
26 30 22 29 18 28 15 27 32 
27 29 21 28 16 27 12 26 32 
26 31 22 30 18 29 15 28 32 
27 29 22 28 18 27 14 26 32 
28 29 21 28 18 27 15 26 32 
27 28 22 27 19 26 16 25 32 
26 28 21 27 18 26 15 25 32 
28 29 21 28 17 27 14 26 32 
27 29 21 28 18 27 15 26 32 
28 29 22 28 19 27 16 26 32 
28 30 22 29 17 28 12 27 32 
26 28 21 27 17 26 13 25 32 
28 31 21 30 16 29 11 28 32 
27 30 21 29 16 28 11 27 32 
26 29 21 28 17 27 14 26 32 
26 29 21 28 17 27 14 26 32 
26 29 21 28 17 27 13 26 32 
26 29 22 28 19 27 16 26 32 
28 31 21 30 15 29 10 28 32 
26 29 22 28 19 27 16 26 32 
27 31 21 30 16 29 11 28 32 
27 28 21 27 18 26 16 25 32 
27 28 21 27 17 26 14 25 32 
25 28 21 27 17 26 14 25 32 
28 32 21 31 16 30 12 29 32 
28 31 22 30 17 29 12 28 32 
25 28 22 27 19 26 16 25 32 
25 29 21 28 17 27 14 26 32 
27 31 21 30 16 29 12 28 32 
26 29 22 28 18 27 15 26 32 
28 31 21 30 16 29 12 28 32 
25 29 22 28 19 27 16 26 32 
26 28 23 27 20 26 17 25 32 
27 32 21 31 16 30 12 29 32 
26 27 22 26 19 25 16 24 32 
26 29 23 28 20 27 17 26 32 
28 30 20 29 16 28 12 27 32 
27 29 21 28 17 27 13 26 32 
26 29 20 28 16 27 12 26 32 
27 30 22 29 18 28 14 27 32 
25 28 22 27 19 26 16 25 32 
28 30 20 29 15 28 11 27 32 
27 30 20 29 16 28 12 27 32 
26 29 22 28 18 27 14 26 32 
27 30 23 29 19 28 15 27 32 
28 30 21 29 17 28 13 27 32 
27 30 22 29 17 28 13 27 32 
25 28 21 27 17 26 14 25 32 
26 30 22 29 18 28 14 27 32 
SCORES_TXT_END_0
SCORES_TXT_BEGIN_0 34 45 9 BLEU
17 22 12 21 9 20 6 19 32 
18 23 12 22 9 21 6 20 32 
17 23 11 22 7 21 4 20 32 
16 22 11 21 8 20 5 19 32 
16 22 11 21 8 20 5 19 32 
17 23 11 22 7 21 3 20 32 
18 24 11 23 7 22 4 21 32 
17 22 13 21 10 20 7 19 32 
17 23 11 22 8 21 5 20 32 
18 23 12 22 9 21 6 20 32 
17 22 12 21 9 20 6 19 32 
17 22 9 21 7 20 5 19 32 
18 24 11 23 7 22 3 21 32 
16 22 9 21 7 20 5 19 32 
16 22 10 21 7 20 5 19 32 
16 22 11 21 8 20 5 19 32 
16 23 10 22 6 21 3 20 32 
17 22 12 21 9 20 6 19 32 
17 22 10 21 7 20 5 19 32 
16 23 10 22 6 21 3 20 32 
18 23 12 22 9 21 6 20 32 
18 23 9 22 7 21 5 20 32 
15 22 10 21 7 20 5 19 32 
17 23 12 22 9 21 6 20 32 
17 23 11 22 7 21 5 20 32 
17 23 9 22 7 21 5 20 32 
17 23 10 22 7 21 5 20 32 
17 23 12 22 8 21 5 20 32 
16 23 10 22 6 21 2 20 32 
17 24 10 23 6 22 3 21 32 
18 23 12 22 9 21 6 20 32 
16 22 12 21 9 20 6 19 32 
18 24 11 23 7 22 4 21 32 
16 22 11 21 8 20 5 19 32 
16 23 10 22 6 21 2 20 32 
18 23 10 22 7 21 5 20 32 
17 23 11 22 7 21 4 20 32 
17 23 8 22 5 21 3 20 32 
16 22 10 21 7 20 5 19 32 
17 23 11 22 7 21 5 20 32 
17 23 11 22 8 21 5 20 32 
16 22 11 21 8 20 5 19 32 
17 22 11 21 8 20 5 19 32 
16 22 9 21 7 20 5 19 32 
18 24 12 23 9 22 6 21 32 
SCORES_TXT_END_0
SCORES_TXT_BEGIN_0 35 30 9 BLEU
13 15 9 14 6 13 3 12 22 
13 15 7 14 5 13 3 12 22 
13 16 9 15 6 14 3 13 22 
13 16 8 15 5 14 2 13 22 
13 16 7 15 5 14 3 13 22 
13 16 8 15 5 14 2 13 22 
12 15 7 14 3 13 1 12 22 
12 15 7 14 3 13 1 12 22 
13 15 7 14 5 13 3 12 22 
13 16 6 15 4 14 2 13 22 
13 16 7 15 5 14 3 13 22 
12 15 8 14 5 13 3 12 22 
13 15 6 14 4 13 2 12 22 
13 15 9 14 6 13 3 12 22 
13 16 6 15 4 14 2 13 22 
12 15 7 14 5 13 3 12 22 
12 15 5 14 2 13 1 12 22 
12 15 8 14 5 13 3 12 22 
12 15 5 14 2 13 1 12 22 
12 16 7 15 3 14 1 13 22 
12 15 7 14 5 13 3 12 22 
12 16 7 15 3 14 1 13 22 
13 16 6 15 4 14 2 13 22 
12 15 7 14 5 13 3 12 22 
12 16 8 15 5 14 3 13 22 
13 16 8 15 4 14 2 13 22 
12 16 6 15 2 14 0 13 22 
12 16 6 15 2 14 0 13 22 
13 16 6 15 4 14 2 13 22 
13 16 9 15 6 14 3 13 22 
SCORES_TXT_END_0
SCORES_TXT_BEGIN_0 36 57 9 BLEU
20 22 17 21 15 20 13 19 25 
20 22 15 21 13 20 11 19 25 
20 23 17 22 15 21 13 20 25 
20 23 15 22 13 21 11 20 25 
20 23 17 22 14 21 11 20 25 
19 22 15 21 12 20 9 19 25 
20 23 15 22 12 21 9 20 25 
19 22 16 21 14 20 12 19 25 
19 22 14 21 12 20 8 19 25 
20 22 14 21 11 20 8 19 25 
19 22 14 21 12 20 10 19 25 
20 22 12 21 9 20 6 19 25 
20 24 17 23 14 22 11 21 25 
19 23 16 22 12 21 9 20 25 
20 24 15 23 12 22 9 21 25 
20 22 15 21 12 20 9 19 25 
19 23 15 22 12 21 8 20 25 
20 22 13 21 11 20 9 19 25 
20 23 14 22 11 21 8 20 25 
19 23 16 22 13 21 10 20 25 
20 23 12 22 9 21 6 20 25 
20 22 16 21 12 20 9 19 25 
20 23 14 22 10 21 7 20 25 
18 22 14 21 11 20 8 19 25 
19 23 14 22 11 21 8 20 25 
20 22 14 21 10 20 7 19 25 
21 23 16 22 13 21 10 20 25 
21 23 15 22 12 21 9 20 25 
19 22 13 21 10 20 7 19 25 
20 23 12 22 8 21 5 20 25 
18 22 13 21 11 20 7 19 25 
19 22 16 21 14 20 12 19 25 
19 22 13 21 10 20 7 19 25 
21 23 14 22 11 21 8 20 25 
21 23 13 22 11 21 9 20 25 
19 22 11 21 8 20 5 19 25 
21 23 15 22 11 21 7 20 25 
19 22 14 21 12 20 10 19 25 
19 22 11 21 8 20 5 19 25 
20 23 16 22 13 21 10 20 25 
21 23 17 22 12 21 9 20 25 
20 22 15 21 13 20 11 19 25 
19 22 14 21 10 20 6 19 25 
19 22 14 21 11 20 8 19 25 
21 23 13 22 10 21 7 20 25 
20 24 14 23 10 22 7 21 25 
19 22 14 21 12 20 10 19 25 
19 22 14 21 12 20 10 19 25 
19 22 14 21 11 20 9 19 25 
20 23 14 22 11 21 8 20 25 
21 23 15 22 10 21 7 20 25 
21 24 16 23 13 22 10 21 25 
19 22 15 21 12 20 9 19 25 
19 23 14 22 10 21 7 20 25 
19 22 13 21 10 20 6 19 25 
20 22 12 21 8 20 4 19 25 
20 24 12 23 8 22 5 21 25 
SCORES_TXT_END_0
SCORES_TXT_BEGIN_0 37 100 9 BLEU
26 28 23 27 20 26 18 25 31 
27 29 22 28 18 27 15 26 31 
27 29 22 28 18 27 15 26 31 
26 29 22 28 19 27 17 26 31 
25 28 22 27 19 26 17 25 31 
25 29 22 28 19 27 17 26 31 
26 29 23 28 20 27 18 26 31 
27 30 21 29 16 28 12 27 31 
27 30 21 29 17 28 14 27 31 
26 29 21 28 17 27 14 26 31 
26 30 21 29 17 28 14 27 31 
27 30 22 29 18 28 15 27 31 
27 30 21 29 17 28 14 27 31 
26 29 21 28 17 27 14 26 31 
26 30 21 29 17 28 14 27 31 
27 30 22 29 18 28 15 27 31 
26 30 22 29 19 28 17 27 31 
25 29 22 28 19 27 17 26 31 
25 30 22 29 19 28 17 27 31 
26 28 21 27 17 26 14 25 31 
27 31 20 30 15 29 11 28 31 
26 29 22 28 18 27 15 26 31 
26 30 20 29 15 28 11 27 31 
26 31 20 30 15 29 11 28 31 
27 31 21 30 16 29 12 28 31 
27 31 21 30 17 29 14 28 31 
26 30 21 29 17 28 14 27 31 
25 28 21 27 18 26 16 25 31 
26 31 21 30 17 29 14 28 31 
26 29 22 28 18 27 15 26 31 
26 29 20 28 15 27 11 26 31 
25 28 22 27 20 26 18 25 31 
26 29 22 28 18 27 15 26 31 
27 31 21 30 17 29 14 28 31 
26 30 21 29 17 28 14 27 31 
26 29 20 28 16 27 13 26 31 
27 29 20 28 16 27 13 26 31 
26 31 21 30 17 29 14 28 31 
27 30 21 29 17 28 14 27 31 
24 28 21 27 18 26 16 25 31 
26 29 20 28 15 27 11 26 31 
26 29 21 28 18 27 15 26 31 
27 29 20 28 16 27 13 26 31 
27 30 21 29 16 28 12 27 31 
25 28 20 27 16 26 13 25 31 
27 30 21 29 16 28 12 27 31 
26 29 20 28 16 27 13 26 31 
26 30 21 29 17 28 14 27 31 
27 29 21 28 17 27 14 26 31 
26 28 21 27 17 26 15 25 31 
25 29 21 28 17 27 14 26 31 
26 28 20 27 16 26 13 25 31 
25 30 21 29 17 28 14 27 31 
27 32 20 31 15 30 11 29 31 
26 30 22 29 18 28 15 27 31 
26 31 20 30 15 29 11 28 31 
26 29 20 28 16 27 13 26 31 
26 28 22 27 20 26 18 25 31 
26 32 20 31 15 30 11 29 31 
27 30 21 29 16 28 12 27 31 
25 29 20 28 16 27 13 26 31 
26 30 19 29 13 28 8 27 31 
26 29 21 28 18 27 15 26 31 
26 30 21 29 17 28 14 27 31 
27 30 19 29 14 28 10 27 31 
25 29 21 28 17 27 14 26 31 
25 29 21 28 19 27 17 26 31 
25 29 21 28 18 27 16 26 31 
25 29 19 28 14 27 10 26 31 
25 30 21 29 17 28 14 27 31 
24 28 21 27 19 26 17 25 31 
26 30 22 29 18 28 15 27 31 
26 30 19 29 14 28 10 27 31 
24 29 21 28 19 27 17 26 31 
25 28 22 27 19 26 17 25 31 
27 30 20 29 15 28 11 27 31 
26 29 20 28 15 27 12 26 31 
25 29 22 28 19 27 17 26 31 
26 30 21 29 17 28 14 27 31 
26 30 22 29 18 28 15 27 31 
24 27 21 26 18 25 16 24 31 
25 29 21 28 17 27 14 26 31 
25 30 21 29 17 28 14 27 31 
26 30 19 29 14 28 10 27 31 
27 29 21 28 18 27 15 26 31 
27 30 19 29 14 28 10 27 31 
26 30 22 29 18 28 15 27 31 
27 31 20 30 15 29 11 28 31 
25 28 21 27 18 26 16 25 31 
25 29 20 28 16 27 13 26 31 
26 30 20 29 16 28 12 27 31 
27 30 19 29 15 28 12 27 31 
27 31 20 30 16 29 13 28 31 
26 29 19 28 15 27 12 26 31 
26 30 20 29 16 28 13 27 31 
25 28 22 27 19 26 17 25 31 
26 30 19 29 15 28 12 27 31 
27 30 19 29 14 28 10 27 31 
26 30 20 29 17 28 14 27 31 
26 30 20 29 16 28 13 27 31 
SCORES_TXT_END_0
SCORES_TXT_BEGIN_0 38 60 9 BLEU
21 26 16 25 12 24 9 23 31 
21 26 16 25 12 24 9 23 31 
21 27 15 26 10 25 6 24 31 
21 27 15 26 10 25 6 24 31 
21 27 16 26 12 25 9 24 31 
21 27 16 26 12 25 9 24 31 
21 26 15 25 11 24 9 23 31 
21 25 16 24 12 23 9 22 31 
21 25 15 24 11 23 9 22 31 
21 27 15 26 11 25 8 24 31 
21 28 15 27 10 26 6 25 31 
21 26 16 25 12 24 9 23 31 
21 27 15 26 11 25 9 24 31 
21 27 15 26 11 25 8 24 31 
21 27 15 26 10 25 6 24 31 
21 28 15 27 10 26 6 25 31 
21 27 14 26 9 25 6 24 31 
21 27 15 26 11 25 9 24 31 
21 26 15 25 10 24 6 23 31 
21 26 14 25 9 24 6 23 31 
21 28 14 27 9 26 5 25 31 
21 26 15 25 11 24 9 23 31 
21 27 15 26 10 25 6 24 31 
21 27 15 26 11 25 8 24 31 
20 26 14 25 10 24 7 23 31 
21 27 15 26 11 25 9 24 31 
21 25 16 24 12 23 9 22 31 
21 27 15 26 10 25 6 24 31 
21 28 14 27 9 26 6 25 31 
21 25 15 24 11 23 9 22 31 
21 26 16 25 12 24 9 23 31 
21 27 15 26 11 25 9 24 31 
21 28 14 27 9 26 5 25 31 
21 26 15 25 11 24 9 23 31 
21 26 16 25 12 24 9 23 31 
21 27 15 26 11 25 8 24 31 
20 26 14 25 10 24 7 23 31 
22 28 15 27 11 26 9 25 31 
21 26 15 25 11 24 9 23 31 
21 28 14 27 9 26 6 25 31 
21 26 15 25 11 24 8 23 31 
21 26 15 25 11 24 8 23 31 
21 27 16 26 12 25 9 24 31 
21 27 14 26 9 25 6 24 31 
21 28 15 27 11 26 9 25 31 
21 28 14 27 9 26 5 25 31 
20 27 13 26 8 25 4 24 31 
21 26 15 25 11 24 9 23 31 
21 26 16 25 12 24 9 23 31 
22 28 15 27 11 26 9 25 31 
21 28 14 27 9 26 6 25 31 
21 26 16 25 12 24 9 23 31 
21 26 15 25 10 24 6 23 31 
21 27 14 26 10 25 8 24 31 
21 28 15 27 10 26 6 25 31 
21 26 14 25 9 24 6 23 31 
21 27 15 26 10 25 6 24 31 
21 28 14 27 9 26 6 25 31 
21 26 15 25 11 24 8 23 31 
21 26 15 25 11 24 8 23 31 
SCORES_TXT_END_0
SCORES_TXT_BEGIN_0 39 100 9 BLEU
20 22 18 21 16 20 14 19 25 
20 23 17 22 15 21 13 20 25 
20 23 18 22 16 21 14 20 25 
20 23 17 22 14 21 11 20 25 
20 23 18 22 15 21 12 20 25 
19 22 16 21 13 20 10 19 25 
19 22 17 21 15 20 13 19 25 
20 24 17 23 15 22 13 21 25 
20 24 16 23 13 22 10 21 25 
20 24 17 23 14 22 11 21 25 
19 22 16 21 13 20 11 19 25 
20 24 17 23 14 22 11 21 25 
20 24 18 23 15 22 12 21 25 
20 24 17 23 13 22 9 21 25 
20 22 16 21 13 20 10 19 25 
19 23 16 22 12 21 9 20 25 
19 23 17 22 13 21 10 20 25 
20 22 15 21 12 20 9 19 25 
19 23 16 22 11 21 7 20 25 
19 23 16 22 14 21 12 20 25 
19 23 16 22 13 21 10 20 25 
20 25 16 24 13 23 10 22 25 
20 22 16 21 12 20 9 19 25 
20 22 17 21 13 20 10 19 25 
19 23 17 22 14 21 11 20 25 
19 23 15 22 12 21 10 20 25 
19 23 16 22 13 21 11 20 25 
20 25 17 24 14 23 11 22 25 
20 23 15 22 12 21 9 20 25 
20 25 16 24 12 23 8 22 25 
20 25 17 24 13 23 9 22 25 
21 23 15 22 12 21 9 20 25 
21 23 17 22 14 21 11 20 25 
21 23 16 22 13 21 10 20 25 
21 23 15 22 11 21 7 20 25 
19 22 16 21 14 20 12 19 25 
18 22 15 21 12 20 9 19 25 
19 24 16 23 12 22 9 21 25 
20 23 14 22 11 21 8 20 25 
19 24 15 23 10 22 6 21 25 
20 23 15 22 12 21 9 20 25 
19 24 16 23 11 22 7 21 25 
20 23 14 22 11 21 8 20 25 
19 23 16 22 12 21 9 20 25 
19 24 15 23 12 22 9 21 25 
19 22 17 21 15 20 13 19 25 
21 23 16 22 12 21 8 20 25 
19 22 14 21 11 20 9 19 25 
20 23 15 22 11 21 8 20 25 
19 22 16 21 14 20 12 19 25 
20 23 16 22 12 21 9 20 25 
19 22 16 21 13 20 11 19 25 
21 23 17 22 12 21 9 20 25 
18 22 14 21 10 20 7 19 25 
21 23 18 22 13 21 10 20 25 
19 22 16 21 13 20 11 19 25 
21 23 17 22 11 21 7 20 25 
20 23 15 22 11 21 8 20 25 
19 22 15 21 12 20 9 19 25 
19 22 15 21 11 20 6 19 25 
18 22 15 21 12 20 10 19 25 
19 24 16 23 13 22 10 21 25 
20 23 17 22 14 21 11 20 25 
20 23 17 22 15 21 13 20 25 
19 24 15 23 12 22 10 21 25 
20 22 14 21 11 20 8 19 25 
19 24 16 23 12 22 8 21 25 
19 22 16 21 13 20 11 19 25 
20 24 14 23 11 22 8 21 25 
19 22 15 21 12 20 10 19 25 
20 24 15 23 12 22 9 21 25 
20 26 16 25 12 24 8 23 25 
21 24 16 23 13 22 10 21 25 
19 22 14 21 11 20 8 19 25 
21 24 15 23 12 22 9 21 25 
21 24 17 23 14 22 11 21 25 
21 24 14 23 10 22 6 21 25 
21 24 16 23 12 22 8 21 25 
21 24 15 23 11 22 7 21 25 
20 23 14 22 11 21 8 20 25 
19 23 16 22 14 21 12 20 25 
20 23 16 22 11 21 7 20 25 
19 23 15 22 12 21 9 20 25 
18 23 15 22 11 21 8 20 25 
20 22 15 21 11 20 8 19 25 
19 22 14 21 11 20 8 19 25 
18 23 15 22 10 21 6 20 25 
20 24 14 23 11 22 8 21 25 
19 25 15 24 10 23 6 22 25 
19 22 16 21 13 20 10 19 25 
20 24 13 23 10 22 7 21 25 
20 22 16 21 11 20 8 19 25 
20 24 14 23 11 22 8 21 25 
20 23 15 22 11 21 8 20 25 
19 24 15 23 11 22 8 21 25 
20 22 15 21 11 20 9 19 25 
19 24 16 23 12 22 9 21 25 
20 23 17 22 15 21 13 20 25 
19 22 14 21 10 20 7 19 25 
20 24 15 23 11 22 7 21 25 
SCORES_TXT_END_0
SCORES_TXT_BEGIN_0 40 41 9 BLEU
14 16 12 15 10 14 8 13 19 
14 17 12 16 10 15 8 14 19 
15 17 12 16 9 15 6 14 19 
14 16 10 15 8 14 7 13 19 
13 16 11 15 9 14 7 13 19 
15 18 12 17 9 16 6 15 19 
14 17 11 16 8 15 5 14 19 
15 17 10 16 8 15 7 14 19 
15 17 11 16 8 15 5 14 19 
14 18 11 17 8 16 5 15 19 
14 17 10 16 7 15 5 14 19 
13 16 10 15 7 14 5 13 19 
13 16 10 15 7 14 5 13 19 
14 17 11 16 8 15 5 14 19 
13 16 11 15 9 14 7 13 19 
13 15 10 14 7 13 4 12 19 
13 16 9 15 7 14 6 13 19 
15 18 11 17 8 16 5 15 19 
15 18 10 17 7 16 5 15 19 
13 17 10 16 7 15 5 14 19 
13 17 10 16 7 15 5 14 19 
14 16 9 15 8 14 7 13 19 
14 17 9 16 6 15 4 14 19 
14 17 12 16 10 15 8 14 19 
14 16 9 15 6 14 3 13 19 
13 17 10 16 7 15 4 14 19 
14 17 10 16 6 15 3 14 19 
14 17 10 16 6 15 3 14 19 
14 17 11 16 8 15 6 14 19 
13 16 10 15 7 14 4 13 19 
14 17 11 16 8 15 5 14 19 
14 17 11 16 8 15 7 14 19 
15 17 9 16 8 15 7 14 19 
14 17 12 16 10 15 8 14 19 
14 17 9 16 6 15 4 14 19 
15 18 9 17 6 16 4 15 19 
14 18 12 17 10 16 8 15 19 
14 18 12 17 10 16 8 15 19 
14 17 11 16 8 15 6 14 19 
14 17 9 16 6 15 3 14 19 
14 17 11 16 9 15 7 14 19 
SCORES_TXT_END_0
SCORES_TXT_BEGIN_0 41 4 9 BLEU
9 11 7 10 5 9 4 8 14 
8 11 6 10 5 9 4 8 14 
8 11 6 10 5 9 4 8 14 
9 12 6 11 3 10 2 9 14 
SCORES_TXT_END_0
SCORES_TXT_BEGIN_0 42 19 9 BLEU
16 19 14 18 12 17 10 16 22 
17 20 13 19 10 18 7 17 22 
17 20 13 19 10 18 8 17 22 
16 20 13 19 10 18 7 17 22 
16 20 13 19 10 18 7 17 22 
16 19 12 18 10 17 8 16 22 
16 19 12 18 10 17 8 16 22 
16 19 14 18 12 17 10 16 22 
17 21 12 20 8 19 5 18 22 
16 19 14 18 12 17 10 16 22 
17 21 12 20 8 19 5 18 22 
17 21 12 20 8 19 4 18 22 
17 20 11 19 8 18 6 17 22 
17 20 11 19 8 18 5 17 22 
17 20 11 19 8 18 6 17 22 
17 20 11 19 8 18 5 17 22 
17 20 13 19 10 18 8 17 22 
17 20 13 19 10 18 7 17 22 
16 21 12 20 8 19 4 18 22 
SCORES_TXT_END_0
SCORES_TXT_BEGIN_0 43 100 9 BLEU
13 15 10 14 8 13 6 12 18 
13 16 10 15 8 14 6 13 18 
13 16 10 15 8 14 6 13 18 
13 17 10 16 8 15 6 14 18 
13 16 10 15 7 14 4 13 18 
12 15 9 14 7 13 5 12 18 
13 17 10 16 7 15 4 14 18 
12 15 8 14 6 13 4 12 18 
12 16 9 15 7 14 5 13 18 
12 16 9 15 6 14 4 13 18 
13 15 8 14 5 13 3 12 18 
14 16 8 15 5 14 3 13 18 
13 17 10 16 7 15 4 14 18 
12 15 9 14 7 13 5 12 18 
13 15 9 14 5 13 3 12 18 
13 18 10 17 7 16 4 15 18 
12 16 9 15 6 14 4 13 18 
14 16 10 15 5 14 3 13 18 
14 16 9 15 6 14 3 13 18 
12 17 9 16 6 15 4 14 18 
14 16 8 15 5 14 3 13 18 
12 16 9 15 6 14 3 13 18 
14 17 9 16 6 15 3 14 18 
14 17 8 16 5 15 3 14 18 
12 17 9 16 6 15 3 14 18 
11 15 7 14 5 13 3 12 18 
13 15 9 14 7 13 5 12 18 
12 15 8 14 6 13 4 12 18 
14 16 8 15 4 14 1 13 18 
11 16 8 15 5 14 3 13 18 
12 15 7 14 4 13 3 12 18 
12 14 9 13 7 12 5 11 18 
13 16 9 15 7 14 5 13 18 
12 16 9 15 6 14 4 13 18 
12 16 9 15 7 14 5 13 18 
12 15 9 14 7 13 5 12 18 
14 16 10 15 5 14 3 13 18 
14 17 8 16 4 15 1 14 18 
12 15 7 14 5 13 3 12 18 
12 15 7 14 4 13 1 12 18 
13 16 7 15 4 14 3 13 18 
12 15 9 14 7 13 5 12 18 
14 17 10 16 5 15 3 14 18 
13 16 8 15 5 14 3 13 18 
13 16 8 15 4 14 1 13 18 
14 17 9 16 6 15 3 14 18 
12 16 9 15 6 14 3 13 18 
11 15 8 14 6 13 4 12 18 
12 15 8 14 4 13 2 12 18 
14 18 9 17 6 16 3 15 18 
12 15 9 14 7 13 5 12 18 
11 15 7 14 5 13 3 12 18 
13 16 9 15 7 14 5 13 18 
12 16 9 15 6 14 4 13 18 
13 16 9 15 4 14 2 13 18 
13 16 10 15 8 14 6 13 18 
14 17 8 16 4 15 1 14 18 
12 16 9 15 7 14 5 13 18 
13 16 8 15 5 14 2 13 18 
12 15 7 14 4 13 2 12 18 
13 17 9 16 7 15 5 14 18 
12 17 9 16 6 15 4 14 18 
12 15 7 14 2 13 0 12 18 
13 17 10 16 8 15 6 14 18 
12 16 9 15 7 14 5 13 18 
14 18 8 17 4 16 1 15 18 
13 16 8 15 5 14 3 13 18 
13 16 8 15 4 14 1 13 18 
13 17 8 16 5 15 2 14 18 
13 16 8 15 2 14 0 13 18 
13 16 9 15 6 14 3 13 18 
12 15 8 14 6 13 4 12 18 
11 15 7 14 5 13 3 12 18 
13 16 7 15 3 14 0 13 18 
13 17 8 16 5 15 3 14 18 
13 17 8 16 4 15 1 14 18 
14 16 9 15 6 14 4 13 18 
13 16 10 15 8 14 6 13 18 
13 16 10 15 8 14 6 13 18 
13 16 9 15 7 14 5 13 18 
13 16 7 15 3 14 1 13 18 
12 15 9 14 6 13 3 12 18 
13 17 9 16 6 15 3 14 18 
12 17 9 16 6 15 3 14 18 
12 15 8 14 6 13 4 12 18 
12 15 7 14 5 13 3 12 18 
12 15 8 14 6 13 4 12 18 
12 16 8 15 6 14 4 13 18 
11 16 8 15 5 14 3 13 18 
12 16 9 15 6 14 3 13 18 
14 17 7 16 3 15 0 14 18 
11 15 8 14 6 13 4 12 18 
14 17 9 16 6 15 4 14 18 
13 17 10 16 8 15 6 14 18 
12 15 8 14 4 13 3 12 18 
13 17 9 16 7 15 5 14 18 
13 17 7 16 3 15 1 14 18 
11 15 6 14 3 13 1 12 18 
11 15 6 14 4 13 2 12 18 
12 15 9 14 7 13 5 12 18 
SCORES_TXT_END_0
